67.5400 65.3400 63.6300 56.2100 53.5400 53.5000 45.8800 40.7400 36.7700 33.4200 28.3700 21.6600 19.1700 15.4000 12.0000 11.4600 10.9900 
64.2400 61.6000 58.3700 50.0500 46.8100 46.5000 37.7200 33.9200 29.4400 25.3600 21.3200 15.7500 12.8600 10.3300 8.2200 7.6200 7.8600 
62.7800 58.5900 53.4300 46.3900 42.7300 42.0900 34.0300 29.8300 26.2100 22.0900 17.8600 12.7600 10.5500 9.0800 7.4800 7.4100 6.9800 
61.4700 57.0200 51.3600 45.9900 40.1200 40.5000 32.8500 28.8100 24.6400 20.2100 16.1400 11.9000 10.6000 8.7300 7.1900 7.2100 7.4200 
60.9100 59.2900 49.8100 42.3400 37.5300 36.0100 31.0000 28.4800 24.6300 20.5200 16.9700 12.4400 11.1100 9.9700 7.7100 7.6500 7.8300 
61.9900 55.8400 48.1100 41.4300 35.7700 34.1400 28.3600 25.3100 20.9800 17.2100 14.1800 10.5600 9.3100 8.9400 7.2500 7.2600 7.0900 
60.2300 53.7300 47.4800 42.9100 35.8700 33.1000 27.0900 24.5100 20.0700 15.5700 12.9000 9.6900 8.4700 7.6100 6.7800 6.8400 6.8500 
60.6100 54.9700 47.1000 39.7500 32.9200 31.8300 25.6600 23.0500 18.9600 15.4000 12.9800 10.5000 9.3300 8.8500 7.5700 7.4000 7.5500 
59.1000 52.2300 45.1900 39.0200 34.8000 31.6700 27.4200 23.7000 18.9000 15.2000 12.4800 9.9100 9.3400 8.9200 7.8600 7.7500 7.7600 
57.3800 50.2000 43.5800 38.1600 31.2400 29.8300 24.3000 20.9800 16.9200 13.6500 11.4700 8.7100 8.1700 7.5400 6.7600 6.5800 6.4800 
59.7600 51.9700 44.5500 37.9900 32.5000 29.4800 24.9100 22.5300 17.3600 14.3000 12.0400 9.3400 8.4100 7.9200 7.1800 6.9500 7.0300 
58.2800 50.5700 44.7600 37.6400 31.0400 28.7300 23.4300 21.1900 16.8500 14.2300 11.8400 9.6400 8.8800 8.3100 7.6300 7.7600 7.7800 
57.1600 50.1900 41.8000 35.5600 29.5100 26.8100 21.6300 19.7000 15.3500 12.9100 10.9800 8.9600 8.3500 7.7100 7.2400 7.1100 7.0700 
57.4800 49.9000 41.1500 35.5500 29.1400 26.7400 23.9300 24.7300 19.5800 16.3800 13.3000 11.3600 10.1400 9.6000 8.9000 8.5900 8.5500 
57.2700 50.1500 42.2300 36.4300 29.9000 27.7700 22.5400 19.9800 15.3000 12.6900 11.1200 9.5800 8.9300 8.5500 7.7200 7.3900 7.5600 
56.6500 47.1800 41.5800 34.4800 28.2000 25.6500 21.2700 19.6000 15.3100 12.5600 10.8700 8.9600 8.1800 7.6400 7.0700 7.0300 6.9700 
56.4200 47.9900 42.3000 36.5200 28.5500 25.9300 21.0000 19.1300 15.3500 12.9800 11.1900 9.4100 8.7500 8.0600 7.4400 7.3200 7.3000 
55.2900 48.5100 39.8500 34.7500 27.5100 26.4000 21.6100 20.5300 15.2400 12.2800 10.4800 8.9200 8.3200 7.6800 6.9700 6.9300 7.0500 
56.9800 48.0500 40.0200 34.6900 26.8500 23.1300 19.2400 17.5800 13.9100 12.1300 10.2400 8.6400 8.1900 7.7000 7.0200 6.7300 6.8600 
55.3300 46.7000 39.7700 34.4200 27.4100 23.3400 20.3300 17.9600 14.6600 12.3700 10.7700 9.4800 8.5000 8.0900 7.4200 7.4900 7.3900 
57.3400 48.5500 39.6900 35.4000 29.0900 25.3400 22.9700 21.8800 16.1800 13.2800 11.6500 9.6800 9.1900 8.6200 7.6400 7.2900 7.6000 
54.5300 44.6200 37.2600 31.9200 26.7300 24.0600 19.7600 19.2900 15.0900 12.5100 10.7700 9.1600 8.4600 7.7600 7.2800 7.1300 7.0800 
56.0900 47.6200 39.8600 32.4400 25.9800 22.7500 20.8900 19.8100 15.1700 12.7500 10.8200 8.9900 8.4200 8.1700 7.8900 7.3500 7.4300 
54.2100 45.0400 37.4100 31.5400 24.7600 22.3800 19.4400 17.9300 14.0300 12.0600 10.5300 9.0500 8.6800 8.4600 7.8600 7.5900 7.6200 
54.5600 46.3300 37.0600 33.6600 26.8800 22.3000 20.0300 19.2400 15.1700 13.0400 11.4700 9.8300 9.2000 8.5700 7.8600 7.4700 7.3400 
53.8600 45.2000 38.2500 31.9200 25.7700 22.6200 20.2000 19.3100 14.8000 12.4500 10.6100 9.0200 8.5000 8.2300 7.4400 6.9100 7.1000 
57.4800 44.8000 36.4100 31.7100 24.3700 21.8600 18.7000 17.7200 14.2900 11.9600 10.2800 9.1300 8.2900 7.9200 7.5000 7.1900 7.2300 
54.0000 44.7800 40.7500 35.1300 26.7700 22.6900 18.9500 18.0200 14.5600 12.8600 11.2700 9.6600 9.2600 8.8400 8.3300 7.9700 8.1200 
53.0200 43.1700 35.6200 31.6000 24.7600 23.8700 20.5500 18.8900 14.4900 12.1000 10.3900 9.4200 8.9200 8.5600 7.6700 7.3700 7.4800 
53.4000 44.8400 35.3200 30.0100 24.2300 21.0700 18.7500 17.1000 13.9700 12.2200 10.5400 9.0900 8.4800 7.9900 7.5200 7.3700 7.2500 
50.8100 40.7900 33.2600 27.6500 20.9400 18.0500 15.4800 14.5000 11.8600 10.0400 9.0000 7.9200 7.4700 7.1900 6.7100 6.4800 6.4400 
51.0900 40.8800 33.0200 27.4800 20.9300 18.0700 15.5800 14.4300 11.7600 10.0000 8.9100 7.8400 7.4200 7.0200 6.6700 6.2900 6.1900 
50.9000 40.2600 33.2100 27.4500 20.7400 18.0200 15.6200 14.2300 11.9400 10.3400 9.1900 8.0900 7.4800 7.0500 6.8100 6.5100 6.5200 
50.8800 40.5300 32.9400 27.6500 20.5400 18.0800 15.5400 14.5200 12.0300 10.4000 9.1200 8.1800 7.5200 7.1700 6.6500 6.4000 6.4200 
50.9200 40.3600 33.1000 27.5700 20.5100 17.9700 15.3700 14.4200 11.7600 10.4200 9.1200 8.0400 7.4200 7.1600 6.6100 6.3100 6.3700 
50.5500 40.2500 32.8500 27.3500 20.3300 17.6800 15.6600 14.1800 11.9500 10.3100 9.1700 8.2100 7.6200 7.1300 6.7200 6.5800 6.5100 
50.5700 40.1500 32.7100 27.2400 20.3400 17.7400 15.6200 14.1900 11.8100 10.3500 9.1400 8.0200 7.6400 7.2200 6.7900 6.5500 6.4200 
50.8600 40.1900 32.8900 27.5100 20.4700 18.0300 15.4700 14.3100 11.9200 10.1300 9.1100 8.1000 7.7400 7.2600 6.7800 6.5000 6.7000 
50.5900 39.9200 32.5300 27.2200 20.2000 17.6200 15.3300 14.3900 11.8200 10.3100 9.1800 8.1600 7.6000 7.3000 6.7400 6.5500 6.5900 
50.6100 40.0600 32.7100 27.2600 20.1100 17.8100 15.6700 14.3200 11.7100 10.2300 9.0900 8.1300 7.5500 7.2800 6.7600 6.6000 6.5300 
50.4900 39.9200 32.6600 27.1000 20.1800 17.7500 15.4400 14.3900 11.8000 10.2000 9.1200 7.9600 7.6300 7.2600 6.7100 6.5600 6.6300 
50.3400 40.0700 32.7300 27.2700 20.1400 17.7500 15.6400 14.3300 11.7900 10.2100 9.1300 8.1400 7.6000 7.1800 6.7800 6.6100 6.5500 
50.3800 40.0500 32.6000 27.0700 20.1700 17.7500 15.4700 14.2700 11.7700 10.2800 9.1800 8.0100 7.6500 7.3100 6.8200 6.6400 6.7000 
50.3000 40.1600 32.6000 27.2500 20.1300 17.7700 15.5100 14.2100 11.7500 10.2600 9.1200 8.0600 7.5500 7.2500 6.8400 6.5400 6.6500 
50.5200 39.8700 32.7500 27.1000 20.1400 17.8700 15.6500 14.3900 11.7500 10.1400 9.1300 8.0000 7.5500 7.2000 6.8600 6.6000 6.6100 
50.4600 39.9300 32.6800 27.0900 20.0500 17.9500 15.6000 14.3300 11.8000 10.2300 9.1600 8.0300 7.6800 7.2200 6.8200 6.6000 6.6100 
50.5800 39.9900 32.6400 27.0500 20.1300 17.8100 15.5000 14.3600 11.8400 10.2500 9.1800 8.0200 7.5600 7.3100 6.8000 6.5000 6.5800 
50.4700 39.9600 32.5900 27.1600 20.1700 17.8200 15.4400 14.1300 11.7500 10.2200 9.1100 8.0100 7.5800 7.3000 6.7900 6.6400 6.6100 
50.3100 40.0900 32.6000 27.1500 20.1700 17.7900 15.4500 14.1700 11.8200 10.3200 9.1600 7.9600 7.5400 7.2800 6.9000 6.5600 6.6100 
