32.4600 34.6600 36.3700 43.7900 46.4600 46.5000 54.1200 59.2600 63.2300 66.5800 71.6300 78.3400 80.8300 84.6000 88.0000 88.5400 89.0100 
35.7600 38.4000 41.6300 49.9500 53.1900 53.5000 62.2800 66.0800 70.5600 74.6400 78.6800 84.2500 87.1400 89.6700 91.7800 92.3800 92.1400 
37.2200 41.4100 46.5700 53.6100 57.2700 57.9100 65.9700 70.1700 73.7900 77.9100 82.1400 87.2400 89.4500 90.9200 92.5200 92.5900 93.0200 
38.5300 42.9800 48.6400 54.0100 59.8800 59.5000 67.1500 71.1900 75.3600 79.7900 83.8600 88.1000 89.4000 91.2700 92.8100 92.7900 92.5800 
39.0900 40.7100 50.1900 57.6600 62.4700 63.9900 69.0000 71.5200 75.3700 79.4800 83.0300 87.5600 88.8900 90.0300 92.2900 92.3500 92.1700 
38.0100 44.1600 51.8900 58.5700 64.2300 65.8600 71.6400 74.6900 79.0200 82.7900 85.8200 89.4400 90.6900 91.0600 92.7500 92.7400 92.9100 
39.7700 46.2700 52.5200 57.0900 64.1300 66.9000 72.9100 75.4900 79.9300 84.4300 87.1000 90.3100 91.5300 92.3900 93.2200 93.1600 93.1500 
39.3900 45.0300 52.9000 60.2500 67.0800 68.1700 74.3400 76.9500 81.0400 84.6000 87.0200 89.5000 90.6700 91.1500 92.4300 92.6000 92.4500 
40.9000 47.7700 54.8100 60.9800 65.2000 68.3300 72.5800 76.3000 81.1000 84.8000 87.5200 90.0900 90.6600 91.0800 92.1400 92.2500 92.2400 
42.6200 49.8000 56.4200 61.8400 68.7600 70.1700 75.7000 79.0200 83.0800 86.3500 88.5300 91.2900 91.8300 92.4600 93.2400 93.4200 93.5200 
40.2400 48.0300 55.4500 62.0100 67.5000 70.5200 75.0900 77.4700 82.6400 85.7000 87.9600 90.6600 91.5900 92.0800 92.8200 93.0500 92.9700 
41.7200 49.4300 55.2400 62.3600 68.9600 71.2700 76.5700 78.8100 83.1500 85.7700 88.1600 90.3600 91.1200 91.6900 92.3700 92.2400 92.2200 
42.8400 49.8100 58.2000 64.4400 70.4900 73.1900 78.3700 80.3000 84.6500 87.0900 89.0200 91.0400 91.6500 92.2900 92.7600 92.8900 92.9300 
42.5200 50.1000 58.8500 64.4500 70.8600 73.2600 76.0700 75.2700 80.4200 83.6200 86.7000 88.6400 89.8600 90.4000 91.1000 91.4100 91.4500 
42.7300 49.8500 57.7700 63.5700 70.1000 72.2300 77.4600 80.0200 84.7000 87.3100 88.8800 90.4200 91.0700 91.4500 92.2800 92.6100 92.4400 
43.3500 52.8200 58.4200 65.5200 71.8000 74.3500 78.7300 80.4000 84.6900 87.4400 89.1300 91.0400 91.8200 92.3600 92.9300 92.9700 93.0300 
43.5800 52.0100 57.7000 63.4800 71.4500 74.0700 79.0000 80.8700 84.6500 87.0200 88.8100 90.5900 91.2500 91.9400 92.5600 92.6800 92.7000 
44.7100 51.4900 60.1500 65.2500 72.4900 73.6000 78.3900 79.4700 84.7600 87.7200 89.5200 91.0800 91.6800 92.3200 93.0300 93.0700 92.9500 
43.0200 51.9500 59.9800 65.3100 73.1500 76.8700 80.7600 82.4200 86.0900 87.8700 89.7600 91.3600 91.8100 92.3000 92.9800 93.2700 93.1400 
44.6700 53.3000 60.2300 65.5800 72.5900 76.6600 79.6700 82.0400 85.3400 87.6300 89.2300 90.5200 91.5000 91.9100 92.5800 92.5100 92.6100 
42.6600 51.4500 60.3100 64.6000 70.9100 74.6600 77.0300 78.1200 83.8200 86.7200 88.3500 90.3200 90.8100 91.3800 92.3600 92.7100 92.4000 
45.4700 55.3800 62.7400 68.0800 73.2700 75.9400 80.2400 80.7100 84.9100 87.4900 89.2300 90.8400 91.5400 92.2400 92.7200 92.8700 92.9200 
43.9100 52.3800 60.1400 67.5600 74.0200 77.2500 79.1100 80.1900 84.8300 87.2500 89.1800 91.0100 91.5800 91.8300 92.1100 92.6500 92.5700 
45.7900 54.9600 62.5900 68.4600 75.2400 77.6200 80.5600 82.0700 85.9700 87.9400 89.4700 90.9500 91.3200 91.5400 92.1400 92.4100 92.3800 
45.4400 53.6700 62.9400 66.3400 73.1200 77.7000 79.9700 80.7600 84.8300 86.9600 88.5300 90.1700 90.8000 91.4300 92.1400 92.5300 92.6600 
46.1400 54.8000 61.7500 68.0800 74.2300 77.3800 79.8000 80.6900 85.2000 87.5500 89.3900 90.9800 91.5000 91.7700 92.5600 93.0900 92.9000 
42.5200 55.2000 63.5900 68.2900 75.6300 78.1400 81.3000 82.2800 85.7100 88.0400 89.7200 90.8700 91.7100 92.0800 92.5000 92.8100 92.7700 
46.0000 55.2200 59.2500 64.8700 73.2300 77.3100 81.0500 81.9800 85.4400 87.1400 88.7300 90.3400 90.7400 91.1600 91.6700 92.0300 91.8800 
46.9800 56.8300 64.3800 68.4000 75.2400 76.1300 79.4500 81.1100 85.5100 87.9000 89.6100 90.5800 91.0800 91.4400 92.3300 92.6300 92.5200 
46.6000 55.1600 64.6800 69.9900 75.7700 78.9300 81.2500 82.9000 86.0300 87.7800 89.4600 90.9100 91.5200 92.0100 92.4800 92.6300 92.7500 
49.1900 59.2100 66.7400 72.3500 79.0600 81.9500 84.5200 85.5000 88.1400 89.9600 91.0000 92.0800 92.5300 92.8100 93.2900 93.5200 93.5600 
48.9100 59.1200 66.9800 72.5200 79.0700 81.9300 84.4200 85.5700 88.2400 90.0000 91.0900 92.1600 92.5800 92.9800 93.3300 93.7100 93.8100 
49.1000 59.7400 66.7900 72.5500 79.2600 81.9800 84.3800 85.7700 88.0600 89.6600 90.8100 91.9100 92.5200 92.9500 93.1900 93.4900 93.4800 
49.1200 59.4700 67.0600 72.3500 79.4600 81.9200 84.4600 85.4800 87.9700 89.6000 90.8800 91.8200 92.4800 92.8300 93.3500 93.6000 93.5800 
49.0800 59.6400 66.9000 72.4300 79.4900 82.0300 84.6300 85.5800 88.2400 89.5800 90.8800 91.9600 92.5800 92.8400 93.3900 93.6900 93.6300 
49.4500 59.7500 67.1500 72.6500 79.6700 82.3200 84.3400 85.8200 88.0500 89.6900 90.8300 91.7900 92.3800 92.8700 93.2800 93.4200 93.4900 
49.4300 59.8500 67.2900 72.7600 79.6600 82.2600 84.3800 85.8100 88.1900 89.6500 90.8600 91.9800 92.3600 92.7800 93.2100 93.4500 93.5800 
49.1400 59.8100 67.1100 72.4900 79.5300 81.9700 84.5300 85.6900 88.0800 89.8700 90.8900 91.9000 92.2600 92.7400 93.2200 93.5000 93.3000 
49.4100 60.0800 67.4700 72.7800 79.8000 82.3800 84.6700 85.6100 88.1800 89.6900 90.8200 91.8400 92.4000 92.7000 93.2600 93.4500 93.4100 
49.3900 59.9400 67.2900 72.7400 79.8900 82.1900 84.3300 85.6800 88.2900 89.7700 90.9100 91.8700 92.4500 92.7200 93.2400 93.4000 93.4700 
49.5100 60.0800 67.3400 72.9000 79.8200 82.2500 84.5600 85.6100 88.2000 89.8000 90.8800 92.0400 92.3700 92.7400 93.2900 93.4400 93.3700 
49.6600 59.9300 67.2700 72.7300 79.8600 82.2500 84.3600 85.6700 88.2100 89.7900 90.8700 91.8600 92.4000 92.8200 93.2200 93.3900 93.4500 
49.6200 59.9500 67.4000 72.9300 79.8300 82.2500 84.5300 85.7300 88.2300 89.7200 90.8200 91.9900 92.3500 92.6900 93.1800 93.3600 93.3000 
49.7000 59.8400 67.4000 72.7500 79.8700 82.2300 84.4900 85.7900 88.2500 89.7400 90.8800 91.9400 92.4500 92.7500 93.1600 93.4600 93.3500 
49.4800 60.1300 67.2500 72.9000 79.8600 82.1300 84.3500 85.6100 88.2500 89.8600 90.8700 92.0000 92.4500 92.8000 93.1400 93.4000 93.3900 
49.5400 60.0700 67.3200 72.9100 79.9500 82.0500 84.4000 85.6700 88.2000 89.7700 90.8400 91.9700 92.3200 92.7800 93.1800 93.4000 93.3900 
49.4200 60.0100 67.3600 72.9500 79.8700 82.1900 84.5000 85.6400 88.1600 89.7500 90.8200 91.9800 92.4400 92.6900 93.2000 93.5000 93.4200 
49.5300 60.0400 67.4100 72.8400 79.8300 82.1800 84.5600 85.8700 88.2500 89.7800 90.8900 91.9900 92.4200 92.7000 93.2100 93.3600 93.3900 
49.6900 59.9100 67.4000 72.8500 79.8300 82.2100 84.5500 85.8300 88.1800 89.6800 90.8400 92.0400 92.4600 92.7200 93.1000 93.4400 93.3900 
