79.1500 78.7700 80.4300 62.8600 56.3100 51.0500 48.8600 53.0600 31.8400 35.3100 30.3800 29.2800 
78.3200 77.5300 78.6900 61.4300 54.5900 48.7200 46.5400 50.0400 30.0600 32.2200 27.6900 26.7500 
78.1900 76.7900 77.9600 60.2800 52.7900 46.9100 43.6200 47.9500 28.3300 30.2200 26.5100 25.7300 
77.5700 75.9800 77.1500 59.6900 51.6400 45.4800 41.8100 45.5800 27.6700 28.3700 25.0600 24.0900 
76.9100 75.4100 76.1500 58.8900 51.0000 44.5900 40.8200 43.1700 27.2500 27.5100 24.4900 23.8800 
76.1700 74.4400 75.1600 58.1100 49.8100 43.3400 39.3800 40.4900 26.5500 26.2700 23.8800 23.4300 
75.8300 73.8800 74.9600 57.1600 48.7400 42.3700 38.6400 39.3100 25.9900 25.8000 23.5100 23.2300 
75.7300 73.8900 74.6000 57.0000 48.3800 41.6200 37.4100 37.1300 25.5500 25.4900 23.1300 22.7100 
75.9400 73.1100 73.4600 56.5400 47.7900 41.0000 36.6700 35.6700 25.6300 25.1800 23.3500 23.2200 
75.6300 73.0800 73.1700 56.7000 47.2700 40.2900 36.3100 33.9100 25.2200 24.4200 22.7500 22.3900 
76.2500 73.4400 73.5000 56.2700 46.9500 39.9400 35.7900 33.2200 25.0400 24.5400 22.8100 23.0100 
74.8900 71.9700 71.8600 55.0600 45.7800 39.1300 34.7700 31.4700 24.1600 24.0300 22.3400 22.3700 
74.8200 72.0400 72.2100 54.8400 45.0900 38.3100 33.9500 30.6300 24.4200 24.0100 22.5600 22.8700 
74.9600 72.0200 71.8400 55.2300 45.5000 37.9700 33.8900 30.3900 24.9700 24.0800 23.0900 23.2900 
74.2400 70.7300 70.3700 53.7500 44.0400 36.9000 33.2100 28.8700 24.0400 23.4600 22.7000 23.0700 
74.9000 71.3600 70.6100 53.9600 43.8200 36.4400 33.0400 29.1100 24.3900 23.8800 22.6200 22.7700 
73.6400 70.1000 70.0600 52.9100 43.4700 36.0900 32.4000 28.6800 24.3200 24.1400 22.8100 23.0500 
73.8700 70.3400 69.4900 53.2300 43.4600 35.9600 32.4300 28.5700 25.1400 24.5000 23.4200 23.5300 
73.2900 69.8700 68.5800 52.2100 42.7000 35.1100 31.9300 27.3600 24.2900 23.8000 22.9200 23.2100 
73.2000 69.1300 68.0600 51.6100 42.1000 34.3700 31.7000 27.1100 24.3600 24.0000 23.3200 23.4200 
72.9700 68.7300 67.3900 51.4600 41.6400 34.5100 30.9200 26.6400 24.2600 23.9300 23.4900 23.5600 
72.5300 68.3700 67.1200 51.2300 41.7400 34.1600 30.9500 26.9200 24.4000 24.1700 23.4400 23.6100 
73.5100 69.1900 67.6200 51.4500 41.9200 34.2700 31.2300 26.9300 24.2900 23.7200 23.2400 23.5500 
73.0300 67.6600 66.1600 50.9600 41.0600 33.5200 30.5400 26.5500 24.4000 24.0600 23.3100 23.9200 
72.7800 67.9300 66.4300 50.7300 40.7200 33.5900 30.6700 26.7800 25.0700 24.3700 23.9800 23.8200 
72.2600 67.6400 66.2000 50.8200 40.6400 33.4100 30.5100 26.6800 25.1700 24.5800 24.3800 24.5200 
72.5700 67.6600 65.9700 50.5200 40.1700 33.0000 30.4000 26.5700 25.2100 24.6400 24.2900 24.3300 
71.7300 66.9200 64.9800 49.8200 40.1300 33.0200 30.5200 26.5800 24.8400 24.3800 23.9200 24.3800 
71.7100 66.5100 64.1200 49.9100 39.7600 33.8000 30.5000 26.6300 25.1200 25.0200 24.5500 24.7100 
71.5400 65.9900 63.5000 48.9700 39.6800 32.8600 30.6000 26.7500 25.5000 25.0000 24.5900 24.8800 
71.4500 65.3600 63.4700 48.9600 39.3000 32.5700 29.9500 26.8100 25.6600 25.1600 24.3000 24.4300 
70.7900 65.9800 63.4500 48.6200 38.4800 32.2900 29.6700 26.2700 24.8600 24.7300 24.2600 24.5900 
71.4100 65.8400 63.1200 48.7800 38.8800 32.7200 29.9600 26.7800 25.7400 25.3400 24.9400 25.2900 
71.0800 65.5400 62.9300 48.2300 38.3500 31.7200 29.6100 26.1800 25.0900 25.2200 24.5100 24.8500 
71.4200 65.4500 62.7700 47.9900 38.3200 32.1500 29.7700 26.5700 25.7300 24.9500 25.0800 24.9800 
70.7100 65.0300 62.5500 48.4500 38.1000 31.9300 29.8900 26.5300 25.7400 25.2100 24.9900 25.1600 
70.9500 65.1700 62.4400 48.2400 38.3400 32.4300 30.2600 26.9400 26.2100 25.7700 25.6800 25.7700 
70.9300 65.1500 62.2700 47.9900 38.1000 32.0100 29.8800 27.0200 26.3500 25.8800 25.5800 25.7600 
70.6300 64.3900 61.3900 47.1700 38.0800 32.3700 30.2800 26.9700 26.0700 25.6900 25.4200 25.4100 
69.7200 63.8300 60.8500 46.4500 36.8900 31.1000 28.6500 26.1200 24.9100 24.6300 24.3600 24.5900 
69.9200 63.5200 60.4900 46.3200 36.9700 31.5500 29.2200 27.1500 25.8600 25.7400 25.4700 25.5500 
70.6400 64.5600 61.7900 47.6000 38.1500 32.4700 30.2800 27.4400 26.2800 26.0100 26.0000 26.0500 
69.1000 62.8000 59.7600 45.5300 36.9100 31.3500 29.6800 26.6900 25.7000 25.6200 25.5800 25.5500 
68.7700 62.3500 58.6600 45.7100 36.2900 30.6100 28.9900 26.1300 25.4200 25.2800 25.1800 25.1000 
69.7300 62.8300 59.9800 46.6900 37.0100 31.4900 29.4600 26.8700 25.7300 25.7200 25.2700 25.6200 
69.3600 62.6700 59.3100 45.0000 36.4400 31.1900 29.4700 27.5100 26.5300 26.2100 25.9200 26.1100 
69.4000 63.0200 59.8500 46.4900 37.3100 32.8900 30.6300 27.9400 27.2600 27.1100 26.8000 26.7900 
68.7700 61.9100 58.7800 45.5300 36.4100 31.3600 29.4300 26.9000 26.2000 25.8800 25.6500 25.7000 
69.2800 62.9500 59.4000 45.8900 36.8200 32.2000 30.1500 27.6700 27.4600 26.7800 26.7800 26.8800 
68.5500 61.1900 57.6700 44.5000 35.4800 30.5300 28.8600 26.6400 25.6300 25.2800 24.8700 25.0900 
68.6700 61.1700 58.0000 44.5600 35.4700 30.6100 29.1400 26.2600 25.7200 25.4400 25.3900 25.5100 
68.5500 61.6200 58.3600 44.7700 35.9100 31.5500 29.8900 27.3800 26.3300 26.4300 26.5500 26.6800 
68.0400 60.7000 56.9000 43.9300 35.8900 31.7700 29.8000 27.7700 26.6100 26.6400 26.6600 26.6000 
68.7900 62.2300 58.8600 45.3600 36.3700 31.8400 29.5600 27.0600 26.5500 26.5300 26.3600 26.4700 
67.8500 60.4100 56.4600 43.8900 35.2700 30.6400 28.7800 26.2500 25.5300 25.6100 25.6100 25.5800 
68.0100 60.2900 55.9400 43.8500 34.8700 31.0700 29.6700 27.4600 27.0200 26.8800 26.5600 26.6500 
68.0700 60.6200 56.7500 44.1700 35.5800 31.6300 29.6500 27.1100 26.4700 26.5400 26.1600 26.4100 
67.2400 59.6200 55.0800 42.9100 34.5700 30.8900 29.5700 26.9700 26.6700 25.9600 26.0100 25.9700 
67.8600 60.4400 56.9400 44.4700 35.7900 31.9100 30.2800 28.1200 27.4200 26.9300 27.0200 26.9800 
67.8200 60.6600 55.7700 43.5100 35.7100 32.0500 30.1700 27.3300 26.8000 26.8300 26.6500 26.8200 
66.8400 58.9800 54.6100 42.2500 33.7000 29.4700 27.6700 25.7100 24.8700 24.5200 24.3900 24.4800 
66.9200 58.8800 54.6800 42.1300 33.3500 29.2300 27.4100 25.7800 25.0400 24.8000 24.4300 24.7200 
66.8200 58.8800 54.2700 41.9100 33.6200 29.4100 27.4100 25.6900 24.7400 24.6400 24.4900 24.8500 
66.8400 58.9300 54.5200 41.9200 33.4700 29.3300 27.6100 25.6000 24.8800 24.8000 24.4900 24.6500 
66.7600 58.7200 54.5000 41.5600 33.6000 29.6000 27.6000 25.9400 25.1100 24.9200 24.4100 24.7200 
66.8100 58.6300 54.2900 41.6500 33.4100 29.3600 27.5800 25.6000 24.8600 24.8400 24.3800 24.7700 
66.7100 58.7400 54.0900 41.6100 33.4500 29.2100 27.7000 25.7800 24.9600 24.8800 24.5800 24.9900 
66.7500 58.7600 54.1300 41.6600 33.4800 29.3800 27.6900 25.9000 24.9000 25.0400 24.7300 24.9000 
66.6800 58.4400 54.2700 41.6500 33.3600 29.5500 27.8900 25.7000 25.0600 25.0700 24.6700 25.0500 
66.6100 58.7000 53.9400 41.6000 33.4800 29.4500 27.6200 25.8300 24.9700 24.9200 24.7300 24.9500 
66.6000 58.6800 53.9500 41.6800 33.4500 29.4400 27.5900 26.0600 25.1200 24.9000 24.7900 24.8500 
66.7600 58.6000 54.0500 41.5600 33.5400 29.4400 27.7500 25.9100 24.8900 24.9500 24.6900 24.7600 
66.6700 58.5600 53.8000 41.5300 33.2700 29.4800 27.7000 25.9000 25.0300 25.0000 24.6600 24.8600 
66.6200 58.5900 53.8600 41.7100 33.3600 29.5300 27.6600 25.9100 25.1100 24.9000 24.7500 24.8700 
66.5800 58.5400 53.8600 41.6700 33.3600 29.4800 27.8700 25.9100 24.9200 25.1100 24.8100 24.9300 
66.7000 58.5900 53.8700 41.5100 33.4400 29.5600 27.7400 25.9000 24.8500 24.9600 24.6600 24.8200 
