49.0500 46.3000 46.5200 35.0600 27.9100 23.1400 19.0300 11.9100 8.0300 7.6800 7.1200 7.7700 
47.7900 43.9200 44.2600 33.9000 25.1100 19.5600 15.4700 8.8000 6.5400 6.1700 5.8900 6.4600 
46.2300 42.8000 42.1400 32.2500 23.3200 17.5800 13.7000 7.7900 6.0000 5.6600 5.2000 5.6500 
45.4200 41.0700 40.2600 31.0500 21.9200 16.6700 12.7900 7.2000 5.9800 5.6100 5.3500 5.5000 
44.5500 39.9500 38.8700 29.8500 21.1600 15.4300 11.9600 6.9600 5.6200 5.4000 4.9300 5.2800 
43.6200 38.9100 37.1000 28.6000 19.7100 14.7700 11.1800 6.4900 5.4600 5.0000 4.8000 4.9800 
44.1700 38.2800 36.0200 27.9300 18.6900 13.3500 10.5300 6.4100 5.4300 5.2200 5.0700 5.3400 
43.4300 37.5300 35.2000 27.7800 18.2400 13.8000 10.4500 6.1600 5.6500 5.1900 4.9500 5.0500 
41.8300 35.4700 32.6500 25.8500 17.9900 13.2500 10.1900 6.2300 5.3600 5.0200 4.9900 4.9100 
41.1600 35.0000 32.7800 26.2800 17.2800 12.6300 9.4600 6.1600 5.4800 5.2600 5.0600 5.2900 
42.5900 36.5600 32.8200 26.2600 17.3600 13.0400 10.1500 6.3600 5.7500 5.6500 5.2600 5.4700 
41.1500 34.5200 31.3400 24.6100 17.4500 12.7900 9.5300 6.1200 5.6400 5.1900 5.2300 5.3900 
41.1200 34.8400 31.2100 24.6700 16.1100 11.5200 9.0600 5.9700 5.5500 5.4400 5.1000 5.2600 
39.6200 32.2500 30.0200 24.2800 15.8900 11.5900 9.2200 6.3800 5.6200 5.3800 5.2300 5.4700 
38.2100 31.0800 28.3200 22.5600 15.0900 11.1800 9.0200 6.1700 5.5800 5.2800 5.1100 5.4400 
38.3400 31.4300 28.6800 23.9200 15.0400 11.0600 9.1100 6.1800 5.5700 5.3400 5.2200 5.1500 
38.3900 30.5600 27.5200 22.3300 15.6100 11.3900 9.0600 6.3300 5.7200 5.3900 5.2000 5.3700 
37.9300 31.0900 27.4800 22.3600 14.6000 11.3500 9.1200 6.1200 5.7700 5.5100 5.3300 5.6500 
38.1100 30.1900 27.1300 22.2600 14.3900 10.5900 8.5300 6.1200 5.6300 5.3600 5.3600 5.6300 
37.4900 30.5200 27.7400 22.5100 14.0800 10.8400 8.8300 6.2600 5.8900 5.7800 5.8200 6.0700 
38.4200 30.9000 26.8500 22.1700 14.5000 10.5900 9.3200 6.6900 6.3000 6.1900 5.7700 5.7700 
36.8400 29.3400 26.2400 21.4000 13.0200 10.2400 8.4600 6.3300 5.7900 5.6400 5.4800 5.4900 
36.2200 28.5600 25.3600 20.8300 13.3900 10.2200 8.3600 6.3400 5.8900 5.8100 5.6200 5.8300 
36.3600 28.5500 25.4200 20.4000 13.3800 10.5400 8.6400 6.4900 5.9600 5.7300 5.8500 5.8400 
37.2900 31.5600 27.7400 22.7200 13.9000 10.4400 8.7400 6.6900 6.1300 5.8000 5.8300 5.9400 
35.8400 29.0800 26.1300 21.5000 13.7600 10.1500 8.7700 6.5100 6.0400 6.0200 5.6900 5.9100 
36.6800 27.5900 23.8000 19.6500 13.6100 10.8600 9.1800 6.9800 6.6100 6.4200 6.2700 6.2900 
35.2400 27.2300 23.7100 19.5200 13.3700 10.7100 9.1700 6.9600 6.4900 6.2000 5.9600 6.0900 
34.6800 27.2800 23.9700 20.0000 13.9700 11.2400 9.5200 6.9400 6.5600 6.3800 6.3200 6.1600 
34.1400 25.6200 22.5000 18.3600 12.6300 10.1500 8.5600 6.6900 6.1000 5.9100 5.7000 6.0800 
33.4000 25.6800 23.1400 19.2400 13.5200 10.5500 8.9800 6.6300 6.3000 6.0700 6.0300 6.0100 
36.0900 28.3700 24.7000 19.9300 13.3000 10.7200 9.1500 6.6900 6.2300 6.1500 5.8600 6.0500 
33.5100 24.9800 21.6300 18.2000 12.2000 10.0200 8.6700 6.6200 6.0200 5.7600 5.5600 5.7500 
33.1800 24.6000 21.3600 18.5500 12.3600 9.9600 8.6100 6.4500 6.1000 5.8700 5.5500 5.9500 
33.3500 25.4300 21.9900 18.2200 12.0300 10.1900 8.5900 6.3800 6.1000 5.8200 5.7000 5.8100 
32.9900 24.2700 20.7600 18.0200 12.0100 10.2000 8.6800 6.4900 5.9200 5.8300 5.7300 5.8300 
32.5600 24.3000 20.7600 17.9800 13.0300 10.8000 9.4700 7.3800 6.8600 6.3800 6.0600 6.0400 
32.2000 24.8500 21.2800 17.6100 12.3700 10.1600 8.7100 6.6400 6.2800 6.1900 6.1200 5.9900 
32.2800 24.4500 21.0700 17.9900 12.3600 10.0400 8.8400 6.7900 6.5400 6.4500 6.1300 6.1000 
32.0800 24.0900 21.0800 18.2300 12.9400 10.5000 8.8800 6.8300 6.5600 6.2400 6.0900 6.2600 
33.3100 24.0700 20.2400 17.2900 13.3000 11.4600 10.0900 7.5000 6.9400 6.7700 6.4300 6.6000 
31.8300 23.6400 20.5800 17.9700 12.6100 10.6200 8.9400 6.9200 6.4900 6.2200 6.1200 6.2600 
32.2800 24.0000 20.9800 17.7600 12.8900 10.7600 8.9100 6.8900 6.5500 6.3300 6.2000 6.3600 
32.9900 23.8700 21.1600 18.4300 13.6000 11.9900 10.2600 7.7600 7.3900 7.2200 7.0900 7.2600 
29.9900 21.3800 18.2900 15.6000 11.1800 9.4100 8.1500 6.2400 5.8200 5.8100 5.7300 5.6900 
30.0100 21.5200 18.1900 15.6500 11.1700 9.4500 8.2400 6.2700 5.8900 5.8400 5.6400 5.6700 
29.9100 21.4300 18.3900 15.6800 11.1800 9.3600 8.0300 6.1400 5.9000 5.8100 5.6600 5.6500 
30.0900 21.5500 18.1200 15.6300 11.1700 9.3200 8.1200 6.2000 6.0400 5.8900 5.7200 5.7700 
29.6000 21.1600 17.9300 15.4900 11.1000 9.5300 8.2400 6.2700 6.0400 5.9400 5.7600 5.7000 
29.7000 21.3700 18.2000 15.7300 11.2200 9.4100 8.2300 6.2900 6.0100 5.9600 5.8000 5.8500 
29.6100 21.3400 17.9200 15.5000 11.2300 9.4100 8.2400 6.3100 6.0800 6.0000 5.8000 5.8900 
29.7100 21.3000 18.0000 15.8200 11.1800 9.2200 8.2500 6.3300 6.1100 6.0100 5.8500 5.8900 
30.0800 21.1900 17.9500 15.7300 11.2000 9.4200 8.3200 6.4200 6.1200 5.9800 5.8500 5.8800 
29.8400 21.5100 18.0300 15.8000 11.2900 9.4300 8.2500 6.4500 6.1000 5.9600 5.7800 5.8600 
29.7400 21.2000 17.9300 15.4900 11.3600 9.3800 8.2800 6.5600 6.0700 6.0300 5.9200 5.8400 
29.8400 21.1000 17.9200 15.6900 11.2900 9.4100 8.1900 6.3800 6.0300 5.9600 5.8900 5.8300 
29.4100 21.6600 18.5400 15.8000 11.4200 9.4500 8.4200 6.4900 6.1200 6.0900 5.9400 5.8100 
29.6900 21.1800 17.9400 15.6000 11.2000 9.4800 8.3500 6.5100 6.2400 6.0800 5.9300 5.7400 
29.6900 21.0400 17.8100 15.3900 11.3200 9.4400 8.3200 6.4200 6.1600 6.0100 5.9800 5.8400 
29.6100 21.0200 17.8400 15.4200 11.3000 9.4500 8.2900 6.6000 6.0900 6.0400 5.9200 5.8400 
29.7800 20.9800 17.8200 15.4500 11.2100 9.3900 8.3300 6.4800 6.0800 6.1000 5.9800 5.8600 
29.7700 20.9300 17.7300 15.3700 11.3300 9.4800 8.2700 6.5200 6.1500 6.1100 5.9300 5.8100 
29.6500 21.0800 17.8500 15.4100 11.2800 9.4000 8.3900 6.5300 6.1800 6.1200 5.9800 5.7700 
