0.0117 0.0053 0.0114 0.0074 0.0154 0.0167 0.0139 0.0104 0.0239 0.0186 0.0449 0.3312 
0.0120 0.0079 0.0126 0.0126 0.0226 0.0226 0.0232 0.0123 0.0476 0.0274 0.1105 0.4129 
0.0155 0.0103 0.0129 0.0144 0.0334 0.0291 0.0367 0.0147 0.0830 0.0408 0.1728 0.4443 
0.0169 0.0144 0.0130 0.0205 0.0469 0.0401 0.0524 0.0181 0.1240 0.0623 0.2223 0.4588 
0.0178 0.0171 0.0146 0.0263 0.0575 0.0518 0.0657 0.0231 0.1589 0.0882 0.2589 0.4775 
0.0201 0.0201 0.0153 0.0393 0.0686 0.0660 0.0800 0.0267 0.1925 0.1180 0.2891 0.4850 
0.0238 0.0228 0.0169 0.0453 0.0796 0.0778 0.0927 0.0317 0.2256 0.1444 0.3125 0.4895 
0.0249 0.0244 0.0186 0.0544 0.0912 0.0914 0.1043 0.0347 0.2503 0.1660 0.3284 0.4937 
0.0282 0.0284 0.0205 0.0636 0.1013 0.1035 0.1147 0.0387 0.2714 0.1878 0.3449 0.4983 
0.0339 0.0332 0.0224 0.0682 0.1107 0.1169 0.1240 0.0440 0.2890 0.2092 0.3574 0.4993 
