96.3700 95.7300 95.9200 91.0200 94.0200 93.1000 91.4500 83.8900 84.3000 82.3100 82.2300 75.3600 72.0800 42.8100 41.1700 37.0900 45.1300 
94.5100 94.0600 93.5200 87.6300 89.7100 89.9400 85.9400 76.0900 76.6400 72.3900 70.5700 60.7200 56.0200 36.6800 33.5000 31.1100 34.8100 
92.8400 92.6000 91.7200 84.0800 86.0100 85.9500 81.7200 71.1700 70.4800 65.3600 62.4100 52.7700 47.0900 33.0500 29.5400 27.8700 30.0400 
92.2400 91.5700 90.5000 82.3500 84.8500 83.7400 79.5700 68.4800 67.0500 60.9900 57.9200 48.3400 42.3900 30.6100 27.6100 26.8500 28.0700 
90.9800 90.9700 89.4900 81.1800 81.9900 82.4400 76.6100 66.0900 63.5900 57.1100 53.4300 44.7400 39.1900 29.6700 26.5300 26.1300 26.7800 
90.7400 89.6500 88.7300 79.9300 80.4100 80.1100 74.5100 63.8200 61.2800 54.9500 50.7100 42.1100 36.3800 28.7900 26.1400 25.2000 26.2000 
90.5600 89.1800 87.6700 79.7700 79.4900 79.4700 73.5700 62.4900 59.6100 53.2700 48.1800 40.0200 34.9400 27.5500 25.6300 24.9000 25.7600 
90.1000 88.4300 86.7100 78.6200 78.1400 77.8700 72.0500 61.2000 57.2700 50.7400 45.7900 37.9900 33.7800 27.0100 25.4000 25.5900 25.7000 
89.7200 88.3800 86.4000 78.2300 76.9800 76.5800 70.2900 59.1600 56.3900 50.0400 45.5000 37.1300 33.1700 27.6300 26.0400 25.7000 25.8600 
88.7400 88.0000 86.3000 78.0000 76.4700 75.8400 69.6500 58.1800 54.0500 47.8200 42.2900 35.8200 32.0500 27.6400 26.1000 25.8700 26.0000 
89.0200 87.2800 85.0300 76.7400 74.9000 74.9000 67.7500 57.7800 52.1200 46.3700 41.6300 34.2600 30.5100 26.9600 25.3300 25.5400 25.8100 
88.4400 86.6400 84.0700 76.1400 74.1900 72.9300 65.9800 56.3000 52.0000 45.2500 40.4100 33.3100 29.8800 26.1700 24.5200 24.7900 24.9000 
88.3600 86.1000 83.6300 75.8100 74.0200 72.5900 65.5900 55.0900 50.2500 43.9400 39.4600 32.9600 30.0000 25.8000 25.0800 24.9500 25.6100 
88.4100 85.9700 83.3100 76.2900 73.5200 72.1100 65.3800 54.9300 49.3300 42.9400 38.0200 32.5500 30.5900 26.9500 25.7800 25.5500 26.0600 
87.6400 85.3900 82.3400 74.0700 71.3300 70.0200 62.9300 52.6100 48.0000 42.0400 37.2600 31.3500 28.5700 25.8700 24.5600 24.6100 25.0700 
87.3100 86.2900 83.8800 75.5000 73.0900 71.5800 64.6400 54.6100 48.3600 42.8000 38.2500 32.6300 30.6000 28.0200 26.5000 26.3600 26.6400 
86.9700 85.1000 82.8800 74.3500 72.1800 69.9600 63.0700 53.2200 47.4100 42.5800 37.5700 31.8000 29.7200 27.1900 26.1900 25.9600 26.3500 
86.7900 84.6500 81.9200 73.4600 70.7700 68.6900 61.7300 51.9600 46.0200 40.3900 36.3000 31.3700 29.5400 26.8700 25.9600 25.7800 25.9400 
87.0100 84.4500 81.2900 72.4800 69.3200 67.3900 60.3000 50.0800 44.0400 38.7700 34.4200 29.9300 27.9900 26.1300 25.2700 25.6800 25.7600 
86.1500 83.9900 80.7300 72.6600 68.9800 67.1500 59.5100 49.6000 44.3000 38.9800 34.8500 29.6300 28.0300 26.4800 25.1800 25.5000 25.7500 
86.3000 83.6900 80.5300 71.9000 68.3600 66.3800 59.1700 49.4200 43.5300 38.8100 34.2600 30.0000 28.1500 26.3200 24.7400 25.5500 25.6100 
86.6300 83.8200 80.9900 73.9000 69.5900 66.9500 59.7500 51.5200 45.2500 39.8900 35.4100 30.3500 29.1000 26.8100 26.4100 26.4000 26.6600 
86.3100 82.9200 79.7900 71.1100 68.0800 65.8000 58.7400 49.5100 43.0000 37.6300 34.3600 30.0900 29.0900 27.6000 26.2300 26.2100 26.2000 
85.5700 82.1200 79.6000 70.6500 66.6300 64.3500 57.3100 48.2700 42.1600 37.2500 33.6400 30.4200 28.6200 27.1800 25.9800 25.9800 26.4000 
85.9800 83.3200 80.2800 71.8900 67.2600 65.1800 59.1800 50.9300 43.3500 38.6400 34.5400 31.2900 30.0600 28.0200 27.2200 27.3400 27.7800 
85.6400 82.6900 79.0300 70.8600 67.0100 63.9900 57.5300 47.9700 42.3200 37.2500 33.1500 29.6200 28.7500 26.9100 26.3300 26.2200 26.5800 
85.2600 81.6100 78.3300 69.6200 65.2900 63.2700 56.7500 47.3200 40.9400 36.1500 32.9800 29.8300 28.4200 26.6900 26.1700 26.1000 26.3300 
85.0200 81.9800 78.2600 69.3000 65.2600 62.5700 55.7900 46.4500 41.0100 36.5800 33.6700 30.9800 30.0700 28.3700 27.6400 28.2600 28.2700 
84.8900 82.0700 78.3300 69.3100 65.0400 62.4500 55.6300 46.2900 40.2400 35.9300 33.2600 30.2100 29.3000 27.8400 26.8600 26.5200 26.8300 
84.5600 81.6600 77.8200 69.9400 65.5600 62.9300 55.2400 46.7500 40.2100 35.8900 32.5900 29.4600 28.3900 27.2800 26.2100 26.3300 26.5200 
85.7600 82.2400 79.1700 69.8600 65.4600 62.9400 55.9100 48.4500 41.7600 37.0200 34.2100 31.0800 30.4800 28.7600 27.6100 27.6200 28.0000 
83.7600 80.7700 78.3900 70.2900 65.0500 61.4300 54.7500 46.6000 39.4200 35.4200 32.3800 29.6100 28.0600 26.9100 26.0200 25.8500 26.1100 
85.4000 81.1700 77.2000 67.9900 63.5300 60.4400 54.6900 45.4400 39.6300 35.5500 32.8400 30.2400 29.3600 27.9000 27.0300 27.5200 27.8400 
84.8200 81.5100 77.7800 69.2700 64.0100 61.0600 54.5300 45.3100 39.0300 34.5200 32.3600 30.3000 29.5200 28.1500 27.0600 27.4400 27.4500 
84.1400 79.6000 76.2400 68.0900 62.1600 59.6700 52.6300 44.1300 38.4500 33.6100 31.5600 29.7100 28.9100 27.4800 26.6800 26.6100 26.6500 
83.9300 80.9600 77.7600 69.4300 63.9800 60.9600 54.4700 46.4000 39.1900 34.5400 31.6400 29.5600 28.8900 27.2400 26.6400 26.7600 27.0800 
84.0700 79.6400 75.9900 67.3800 61.9300 59.2400 52.0900 44.3900 37.8000 34.5000 31.5700 29.8700 29.4300 28.2000 27.4600 27.6200 27.8000 
83.2100 78.6200 75.1100 66.9500 61.6000 59.0900 52.0500 44.7400 39.1000 35.6600 32.8500 30.7700 29.6800 28.3300 27.7500 27.7400 27.8200 
83.4000 78.5300 76.3500 67.0000 60.9000 58.2500 51.4700 43.3800 37.2400 34.0800 32.1700 29.7000 28.7000 26.9700 26.4700 26.5000 26.4600 
84.0100 79.6100 76.4900 67.4400 61.1100 58.5700 52.0500 44.1900 38.3200 34.7700 32.4200 30.6000 29.5500 28.5300 27.7400 27.6400 27.8700 
82.9400 78.9300 75.2200 65.9000 60.4300 58.0500 52.1700 44.4300 38.2000 34.9700 32.6100 31.0100 29.7500 28.6800 27.8300 28.0400 28.0600 
83.0300 78.4100 75.1100 66.0100 60.2600 57.2200 50.8500 42.7100 37.1900 34.2400 31.9500 29.8600 29.8600 28.4200 28.1300 28.3600 28.6700 
83.9800 80.2300 75.9700 65.9800 60.1900 57.2500 50.7900 43.8300 37.1700 34.5300 32.2600 30.5100 29.7700 28.4600 27.8900 27.8600 27.6400 
83.5400 79.3200 75.0100 66.3800 60.4800 57.3900 50.6600 43.6800 38.2700 35.1700 32.7400 30.8400 30.3200 29.0900 28.3300 28.0800 28.0200 
82.2300 77.0400 73.7400 63.6600 58.0600 54.9400 48.2100 39.9600 33.6100 30.1400 28.3500 26.5900 25.8900 24.8200 24.3600 24.0700 24.3200 
82.3100 76.9700 73.7800 63.7500 57.9600 54.8100 47.8200 39.7100 33.4000 30.0800 28.3700 26.6600 25.8600 24.6100 24.0400 24.0100 24.2800 
82.2600 76.8500 73.7500 63.7600 58.1500 54.8800 48.0500 39.7100 33.3800 30.1900 28.2800 26.4900 26.3000 24.7200 24.3800 24.3400 24.5600 
81.9200 76.7500 73.6200 63.6000 57.9000 54.5200 47.7000 39.5600 33.3900 30.1900 28.5100 27.0300 26.3100 24.8400 24.3400 24.1500 24.5300 
82.1500 76.7900 73.5900 63.7200 57.9000 54.5400 47.8300 39.5200 33.3600 30.4400 28.5800 26.8400 26.3300 25.0300 24.5300 24.3800 24.6900 
81.8800 76.6400 73.5400 63.5800 58.1100 54.4500 47.3500 39.4500 33.4700 30.2000 28.6900 26.9800 26.5800 24.9400 24.5400 24.5200 24.9300 
82.1400 76.7600 73.5400 63.4200 57.8300 54.6200 47.4800 39.3500 33.4200 30.2900 28.6300 27.0400 26.4600 24.8200 24.5300 24.3400 24.7500 
81.8800 76.7900 73.7800 63.4300 57.7800 54.5000 47.6100 39.6600 33.1700 30.2300 28.6300 27.1900 26.5800 24.9600 24.7300 24.7100 25.0800 
81.9600 76.6600 73.4600 63.4400 57.6500 54.3200 47.3500 39.4300 33.2200 30.1800 28.6200 27.0100 26.3600 25.0100 24.7800 24.5300 24.9300 
81.8400 76.5300 73.4800 63.4800 57.6200 54.2800 47.3700 39.3800 33.2100 30.2600 28.4800 26.9800 26.4700 24.9300 24.6500 24.5500 24.9100 
81.9900 76.5500 73.4900 63.3800 57.5900 54.2400 47.3200 39.4600 33.2500 30.2600 28.5700 27.0800 26.4800 24.9100 24.6200 24.4900 24.8500 
81.8900 76.6000 73.4400 63.4400 57.6600 54.4000 47.2700 39.3900 33.2600 30.2800 28.6500 27.0500 26.3800 24.9800 24.6500 24.6500 24.8500 
81.9200 76.5800 73.4600 63.2900 57.5800 54.2600 47.3500 39.3100 33.4300 30.2600 28.5500 27.2000 26.5100 25.0100 24.5800 24.5200 24.7800 
