3.6300 4.2700 4.0800 8.9800 5.9800 6.9000 8.5500 16.1100 15.7000 17.6900 17.7700 24.6400 27.9200 57.1900 58.8300 62.9100 54.8700 
5.4900 5.9400 6.4800 12.3700 10.2900 10.0600 14.0600 23.9100 23.3600 27.6100 29.4300 39.2800 43.9800 63.3200 66.5000 68.8900 65.1900 
7.1600 7.4000 8.2800 15.9200 13.9900 14.0500 18.2800 28.8300 29.5200 34.6400 37.5900 47.2300 52.9100 66.9500 70.4600 72.1300 69.9600 
7.7600 8.4300 9.5000 17.6500 15.1500 16.2600 20.4300 31.5200 32.9500 39.0100 42.0800 51.6600 57.6100 69.3900 72.3900 73.1500 71.9300 
9.0200 9.0300 10.5100 18.8200 18.0100 17.5600 23.3900 33.9100 36.4100 42.8900 46.5700 55.2600 60.8100 70.3300 73.4700 73.8700 73.2200 
9.2600 10.3500 11.2700 20.0700 19.5900 19.8900 25.4900 36.1800 38.7200 45.0500 49.2900 57.8900 63.6200 71.2100 73.8600 74.8000 73.8000 
9.4400 10.8200 12.3300 20.2300 20.5100 20.5300 26.4300 37.5100 40.3900 46.7300 51.8200 59.9800 65.0600 72.4500 74.3700 75.1000 74.2400 
9.9000 11.5700 13.2900 21.3800 21.8600 22.1300 27.9500 38.8000 42.7300 49.2600 54.2100 62.0100 66.2200 72.9900 74.6000 74.4100 74.3000 
10.2800 11.6200 13.6000 21.7700 23.0200 23.4200 29.7100 40.8400 43.6100 49.9600 54.5000 62.8700 66.8300 72.3700 73.9600 74.3000 74.1400 
11.2600 12.0000 13.7000 22.0000 23.5300 24.1600 30.3500 41.8200 45.9500 52.1800 57.7100 64.1800 67.9500 72.3600 73.9000 74.1300 74.0000 
10.9800 12.7200 14.9700 23.2600 25.1000 25.1000 32.2500 42.2200 47.8800 53.6300 58.3700 65.7400 69.4900 73.0400 74.6700 74.4600 74.1900 
11.5600 13.3600 15.9300 23.8600 25.8100 27.0700 34.0200 43.7000 48.0000 54.7500 59.5900 66.6900 70.1200 73.8300 75.4800 75.2100 75.1000 
11.6400 13.9000 16.3700 24.1900 25.9800 27.4100 34.4100 44.9100 49.7500 56.0600 60.5400 67.0400 70.0000 74.2000 74.9200 75.0500 74.3900 
11.5900 14.0300 16.6900 23.7100 26.4800 27.8900 34.6200 45.0700 50.6700 57.0600 61.9800 67.4500 69.4100 73.0500 74.2200 74.4500 73.9400 
12.3600 14.6100 17.6600 25.9300 28.6700 29.9800 37.0700 47.3900 52.0000 57.9600 62.7400 68.6500 71.4300 74.1300 75.4400 75.3900 74.9300 
12.6900 13.7100 16.1200 24.5000 26.9100 28.4200 35.3600 45.3900 51.6400 57.2000 61.7500 67.3700 69.4000 71.9800 73.5000 73.6400 73.3600 
13.0300 14.9000 17.1200 25.6500 27.8200 30.0400 36.9300 46.7800 52.5900 57.4200 62.4300 68.2000 70.2800 72.8100 73.8100 74.0400 73.6500 
13.2100 15.3500 18.0800 26.5400 29.2300 31.3100 38.2700 48.0400 53.9800 59.6100 63.7000 68.6300 70.4600 73.1300 74.0400 74.2200 74.0600 
12.9900 15.5500 18.7100 27.5200 30.6800 32.6100 39.7000 49.9200 55.9600 61.2300 65.5800 70.0700 72.0100 73.8700 74.7300 74.3200 74.2400 
13.8500 16.0100 19.2700 27.3400 31.0200 32.8500 40.4900 50.4000 55.7000 61.0200 65.1500 70.3700 71.9700 73.5200 74.8200 74.5000 74.2500 
13.7000 16.3100 19.4700 28.1000 31.6400 33.6200 40.8300 50.5800 56.4700 61.1900 65.7400 70.0000 71.8500 73.6800 75.2600 74.4500 74.3900 
13.3700 16.1800 19.0100 26.1000 30.4100 33.0500 40.2500 48.4800 54.7500 60.1100 64.5900 69.6500 70.9000 73.1900 73.5900 73.6000 73.3400 
13.6900 17.0800 20.2100 28.8900 31.9200 34.2000 41.2600 50.4900 57.0000 62.3700 65.6400 69.9100 70.9100 72.4000 73.7700 73.7900 73.8000 
14.4300 17.8800 20.4000 29.3500 33.3700 35.6500 42.6900 51.7300 57.8400 62.7500 66.3600 69.5800 71.3800 72.8200 74.0200 74.0200 73.6000 
14.0200 16.6800 19.7200 28.1100 32.7400 34.8200 40.8200 49.0700 56.6500 61.3600 65.4600 68.7100 69.9400 71.9800 72.7800 72.6600 72.2200 
14.3600 17.3100 20.9700 29.1400 32.9900 36.0100 42.4700 52.0300 57.6800 62.7500 66.8500 70.3800 71.2500 73.0900 73.6700 73.7800 73.4200 
14.7400 18.3900 21.6700 30.3800 34.7100 36.7300 43.2500 52.6800 59.0600 63.8500 67.0200 70.1700 71.5800 73.3100 73.8300 73.9000 73.6700 
14.9800 18.0200 21.7400 30.7000 34.7400 37.4300 44.2100 53.5500 58.9900 63.4200 66.3300 69.0200 69.9300 71.6300 72.3600 71.7400 71.7300 
15.1100 17.9300 21.6700 30.6900 34.9600 37.5500 44.3700 53.7100 59.7600 64.0700 66.7400 69.7900 70.7000 72.1600 73.1400 73.4800 73.1700 
15.4400 18.3400 22.1800 30.0600 34.4400 37.0700 44.7600 53.2500 59.7900 64.1100 67.4100 70.5400 71.6100 72.7200 73.7900 73.6700 73.4800 
14.2400 17.7600 20.8300 30.1400 34.5400 37.0600 44.0900 51.5500 58.2400 62.9800 65.7900 68.9200 69.5200 71.2400 72.3900 72.3800 72.0000 
16.2400 19.2300 21.6100 29.7100 34.9500 38.5700 45.2500 53.4000 60.5800 64.5800 67.6200 70.3900 71.9400 73.0900 73.9800 74.1500 73.8900 
14.6000 18.8300 22.8000 32.0100 36.4700 39.5600 45.3100 54.5600 60.3700 64.4500 67.1600 69.7600 70.6400 72.1000 72.9700 72.4800 72.1600 
15.1800 18.4900 22.2200 30.7300 35.9900 38.9400 45.4700 54.6900 60.9700 65.4800 67.6400 69.7000 70.4800 71.8500 72.9400 72.5600 72.5500 
15.8600 20.4000 23.7600 31.9100 37.8400 40.3300 47.3700 55.8700 61.5500 66.3900 68.4400 70.2900 71.0900 72.5200 73.3200 73.3900 73.3500 
16.0700 19.0400 22.2400 30.5700 36.0200 39.0400 45.5300 53.6000 60.8100 65.4600 68.3600 70.4400 71.1100 72.7600 73.3600 73.2400 72.9200 
15.9300 20.3600 24.0100 32.6200 38.0700 40.7600 47.9100 55.6100 62.2000 65.5000 68.4300 70.1300 70.5700 71.8000 72.5400 72.3800 72.2000 
16.7900 21.3800 24.8900 33.0500 38.4000 40.9100 47.9500 55.2600 60.9000 64.3400 67.1500 69.2300 70.3200 71.6700 72.2500 72.2600 72.1800 
16.6000 21.4700 23.6500 33.0000 39.1000 41.7500 48.5300 56.6200 62.7600 65.9200 67.8300 70.3000 71.3000 73.0300 73.5300 73.5000 73.5400 
15.9900 20.3900 23.5100 32.5600 38.8900 41.4300 47.9500 55.8100 61.6800 65.2300 67.5800 69.4000 70.4500 71.4700 72.2600 72.3600 72.1300 
17.0600 21.0700 24.7800 34.1000 39.5700 41.9500 47.8300 55.5700 61.8000 65.0300 67.3900 68.9900 70.2500 71.3200 72.1700 71.9600 71.9400 
16.9700 21.5900 24.8900 33.9900 39.7400 42.7800 49.1500 57.2900 62.8100 65.7600 68.0500 70.1400 70.1400 71.5800 71.8700 71.6400 71.3300 
16.0200 19.7700 24.0300 34.0200 39.8100 42.7500 49.2100 56.1700 62.8300 65.4700 67.7400 69.4900 70.2300 71.5400 72.1100 72.1400 72.3600 
16.4600 20.6800 24.9900 33.6200 39.5200 42.6100 49.3400 56.3200 61.7300 64.8300 67.2600 69.1600 69.6800 70.9100 71.6700 71.9200 71.9800 
17.7700 22.9600 26.2600 36.3400 41.9400 45.0600 51.7900 60.0400 66.3900 69.8600 71.6500 73.4100 74.1100 75.1800 75.6400 75.9300 75.6800 
17.6900 23.0300 26.2200 36.2500 42.0400 45.1900 52.1800 60.2900 66.6000 69.9200 71.6300 73.3400 74.1400 75.3900 75.9600 75.9900 75.7200 
17.7400 23.1500 26.2500 36.2400 41.8500 45.1200 51.9500 60.2900 66.6200 69.8100 71.7200 73.5100 73.7000 75.2800 75.6200 75.6600 75.4400 
18.0800 23.2500 26.3800 36.4000 42.1000 45.4800 52.3000 60.4400 66.6100 69.8100 71.4900 72.9700 73.6900 75.1600 75.6600 75.8500 75.4700 
17.8500 23.2100 26.4100 36.2800 42.1000 45.4600 52.1700 60.4800 66.6400 69.5600 71.4200 73.1600 73.6700 74.9700 75.4700 75.6200 75.3100 
18.1200 23.3600 26.4600 36.4200 41.8900 45.5500 52.6500 60.5500 66.5300 69.8000 71.3100 73.0200 73.4200 75.0600 75.4600 75.4800 75.0700 
17.8600 23.2400 26.4600 36.5800 42.1700 45.3800 52.5200 60.6500 66.5800 69.7100 71.3700 72.9600 73.5400 75.1800 75.4700 75.6600 75.2500 
18.1200 23.2100 26.2200 36.5700 42.2200 45.5000 52.3900 60.3400 66.8300 69.7700 71.3700 72.8100 73.4200 75.0400 75.2700 75.2900 74.9200 
18.0400 23.3400 26.5400 36.5600 42.3500 45.6800 52.6500 60.5700 66.7800 69.8200 71.3800 72.9900 73.6400 74.9900 75.2200 75.4700 75.0700 
18.1600 23.4700 26.5200 36.5200 42.3800 45.7200 52.6300 60.6200 66.7900 69.7400 71.5200 73.0200 73.5300 75.0700 75.3500 75.4500 75.0900 
18.0100 23.4500 26.5100 36.6200 42.4100 45.7600 52.6800 60.5400 66.7500 69.7400 71.4300 72.9200 73.5200 75.0900 75.3800 75.5100 75.1500 
18.1100 23.4000 26.5600 36.5600 42.3400 45.6000 52.7300 60.6100 66.7400 69.7200 71.3500 72.9500 73.6200 75.0200 75.3500 75.3500 75.1500 
18.0800 23.4200 26.5400 36.7100 42.4200 45.7400 52.6500 60.6900 66.5700 69.7400 71.4500 72.8000 73.4900 74.9900 75.4200 75.4800 75.2200 
