65.8500 65.4200 59.8800 54.9200 48.8600 47.7200 46.4100 44.0400 42.0900 42.1300 43.8000 45.3400 39.0500 36.2300 33.0100 31.5500 30.3800 29.7300 27.1000 26.0800 23.5200 21.1400 20.6600 18.7200 16.2700 14.5600 12.7800 11.4100 11.2100 10.7600 10.4700 9.9700 10.0900 9.6000 10.1500 9.9400 9.1700 8.8300 8.4000 8.3700 7.9100 7.8300 7.7500 7.7500 7.7300 7.5300 7.4700 8.1000 7.5300 7.6600 7.5900 
68.5100 65.0500 57.4700 52.7400 45.7100 43.5300 43.7400 41.5700 40.6900 36.3100 34.4200 30.7700 27.7400 26.0100 24.1300 23.2000 21.6600 19.8200 19.3100 18.5800 16.4700 15.3600 14.2700 13.8200 11.9600 11.2200 9.8100 9.0800 8.9400 8.5900 7.9800 7.8900 7.7400 7.6700 7.7400 7.4700 7.2500 6.8000 6.5400 6.2800 6.2000 5.9000 5.9700 5.9500 5.8200 5.7400 5.6500 5.7600 5.4600 5.5500 5.4100 
65.9300 61.2800 53.0300 47.1800 42.2400 40.1600 40.1200 37.4100 37.0100 33.5100 28.9800 24.6000 23.6500 22.4100 20.4700 19.3100 17.5600 17.1300 16.3700 16.0300 14.9900 13.9600 12.9300 12.4100 11.4500 10.3900 10.0400 9.5600 9.2200 8.9000 8.5900 8.7500 8.4100 8.0300 7.9200 7.9300 7.4900 6.9200 6.6700 6.5900 6.6100 6.3500 6.3300 6.2900 6.2500 6.2800 6.0800 6.5000 5.5000 5.6800 5.6700 
63.6700 61.2300 53.4100 49.0300 41.2800 38.0700 38.5300 36.9400 34.7800 30.4700 26.2600 23.5100 23.0800 23.2500 21.2300 20.4100 18.7600 17.2200 16.4100 16.2600 15.6800 14.1700 13.6900 12.8100 11.4000 10.5800 9.6600 9.5100 9.0800 8.9500 8.8700 8.3600 8.1700 8.1600 7.8700 7.7600 7.5000 6.9700 6.9300 6.7500 6.5000 6.5200 6.4100 6.5400 6.3000 6.3100 6.3100 6.2400 5.7200 5.5600 5.5700 
63.9500 59.5700 55.0300 55.4600 46.2500 43.0900 42.7300 41.3300 36.4200 33.3700 28.8300 24.2200 21.1600 20.2800 17.9500 16.3600 14.9400 15.0400 14.2800 13.2000 12.5400 11.7300 11.8000 11.0600 9.5600 9.1400 8.6800 7.7200 7.5000 7.3700 7.2800 7.0100 6.9900 6.7900 6.7300 6.7200 6.4600 6.2000 6.2600 6.1000 5.9100 5.8900 5.9800 5.8800 5.7700 5.6400 5.6400 5.6700 5.2300 5.3500 5.2800 
64.0500 59.4900 52.9400 51.2200 42.1300 38.6900 38.5500 35.2900 34.9500 30.4600 28.5200 26.9600 21.6100 19.9600 18.5200 16.4200 15.4500 14.6800 13.8200 13.6500 12.5000 11.6100 10.6500 10.3400 9.2000 8.9500 8.1600 7.5400 7.6100 7.4200 7.3200 7.0900 6.9900 6.9700 6.9400 6.9100 6.7100 6.5500 6.5000 6.4300 6.2800 6.1600 6.3600 6.3500 6.2000 6.2200 6.2400 5.9900 5.5500 5.7200 5.5500 
64.4700 59.5300 50.8700 44.8900 37.4500 32.7400 32.6700 30.3400 29.8800 25.7700 23.3000 19.6500 16.7100 16.5600 14.8300 14.1600 13.4100 12.9400 12.1200 11.8700 10.9500 10.2800 9.7700 9.5200 9.0300 8.4400 8.0900 7.7600 7.6300 7.4600 7.4600 7.1200 7.0900 6.8100 6.8500 6.7800 6.4300 6.3300 6.1200 6.0900 5.8700 5.8000 5.8700 5.8900 5.6100 5.6900 5.5100 5.5200 5.1500 5.3100 5.2100 
63.7200 56.7700 48.9800 47.3500 38.7700 33.9300 34.1000 31.7500 31.9500 28.5200 26.6700 22.7500 21.2100 20.7500 18.4900 17.4000 17.0700 15.7400 14.5800 14.4700 12.2700 11.2900 10.2400 9.4300 8.5700 7.9400 7.4000 7.0300 7.0900 7.0200 6.9500 6.7500 6.7100 6.4600 6.5200 6.4200 6.0300 5.7200 5.6400 5.6600 5.6600 5.5000 5.3900 5.4400 5.3500 5.3700 5.3600 5.2300 5.1000 5.0600 4.9800 
61.6400 55.0400 48.3200 44.8900 35.8900 31.1300 31.3500 29.1400 29.1100 25.2100 22.8300 17.9700 17.3800 16.8600 15.9000 14.2100 13.9200 13.6200 13.1200 13.0300 12.8800 12.0500 12.0800 11.6600 10.9200 9.8600 9.1900 8.6300 8.2300 8.0500 7.5300 7.5800 7.3200 7.1600 7.0100 6.9400 6.6100 6.4800 6.4000 6.4000 6.2400 6.2800 6.0800 6.1100 5.9500 5.8600 5.8600 6.1100 5.6400 5.5300 5.4900 
59.9000 54.0900 52.0400 46.6900 36.2100 30.8900 31.9500 28.8300 29.8500 26.5300 25.8500 20.8600 19.4100 18.3200 16.9600 16.0200 14.6600 14.2400 13.8100 13.5700 12.6200 12.1000 11.1500 10.5900 9.8400 9.1700 8.9200 8.6000 8.4800 8.3400 8.1200 8.0000 7.8200 7.6000 7.4100 7.4000 7.1700 7.0100 6.8900 6.6200 6.5700 6.5100 6.4900 6.4000 6.2100 6.3000 6.1700 6.3600 5.8600 5.7400 5.7700 
64.6100 56.3700 53.0500 50.8400 39.3800 34.2700 35.2900 31.8300 30.0700 28.1500 24.1900 22.8500 19.7900 18.5500 16.3500 16.2000 14.9900 14.5700 13.6700 13.7300 13.4500 12.4800 12.6900 12.0500 11.2100 10.7900 10.1600 9.7800 9.4400 9.3100 9.2900 9.0600 8.8800 8.8100 8.5100 8.5100 8.3100 7.6600 7.5800 7.5000 7.3300 7.1400 7.2400 7.0900 6.8400 7.0000 6.8200 6.2700 6.3700 6.3200 6.1600 
62.0500 56.0200 46.5800 43.0300 35.8700 30.8000 30.6500 28.3700 28.8300 25.2300 22.4800 18.7400 18.5900 16.3800 15.3800 13.8000 13.9800 13.9100 13.5400 14.2200 13.3800 12.2500 12.1900 11.5900 10.1100 9.4200 8.7400 8.4300 8.2600 8.2000 8.0100 7.8400 7.5600 7.3000 7.3300 7.3600 6.9500 6.4300 6.5300 6.3300 6.3200 6.2400 6.1600 6.1800 6.0400 5.8200 5.8000 5.8400 5.1200 5.1700 5.2500 
66.2000 59.6100 58.5700 57.8600 47.6900 41.7200 42.1500 40.1700 36.7700 30.6800 25.9000 20.4900 16.1600 14.7700 13.2600 12.9200 12.4200 12.1500 11.6800 11.6400 10.9300 10.3100 9.9400 9.3700 8.5800 8.3100 7.7500 7.1700 7.0600 7.0900 6.9300 6.6100 6.6400 6.3700 6.2400 6.2100 6.0400 5.7500 5.5500 5.5700 5.5100 5.4600 5.3400 5.3500 5.2500 5.2000 5.3100 5.4500 4.8000 4.9200 4.9400 
57.4600 49.7900 41.4400 38.3300 29.9100 25.7400 25.3100 23.0800 22.9500 19.3100 17.1700 13.4700 12.2300 11.2500 10.0900 9.4300 9.0100 8.7400 8.3500 8.1500 7.8100 7.4200 7.0000 6.9400 6.4700 6.1700 5.9500 5.5800 5.5200 5.3900 5.2500 5.0500 5.1400 5.0800 5.0900 4.9900 4.9100 4.6500 4.8500 4.7000 4.7000 4.5800 4.4700 4.5300 4.3900 4.2700 4.1700 4.3300 4.1600 4.1600 4.0300 
57.7500 50.1400 41.2900 38.3100 29.7100 25.4400 25.1300 22.7800 22.5400 18.9900 16.6900 13.3000 11.9900 10.9700 10.0100 9.3900 8.7000 8.4500 8.1500 8.0500 7.6000 7.2500 7.0000 6.7700 6.3800 6.0900 5.8400 5.6200 5.4400 5.3300 5.2900 5.1000 4.9800 5.0300 5.0000 4.9500 4.7700 4.6100 4.6900 4.7200 4.6800 4.5300 4.4400 4.3500 4.3000 4.3000 4.2600 4.3200 4.0800 4.0400 3.9700 
56.9900 49.4000 40.9600 38.0300 29.3300 24.8000 24.7300 22.4800 22.4200 18.7900 16.3400 13.1100 11.8200 10.7900 10.0500 9.2900 8.7400 8.2900 8.0800 7.9400 7.5500 7.4400 7.0700 6.7000 6.4300 6.0700 5.9200 5.6300 5.3700 5.3000 5.3300 4.9300 5.0400 4.9700 4.9700 4.9400 4.8500 4.5800 4.7300 4.6500 4.5200 4.4600 4.4100 4.2700 4.2900 4.2600 4.1600 4.2200 4.0700 4.0400 3.9700 
57.1500 49.4200 40.8900 38.0500 29.0500 24.9300 24.5400 22.1000 22.1100 18.6800 16.3600 12.9300 11.7500 10.8400 10.0900 9.2000 8.7300 8.3100 8.0200 8.0900 7.6600 7.5300 6.9800 6.6800 6.2600 6.0400 5.8100 5.6100 5.3200 5.2400 5.1700 4.9800 5.0900 4.8800 4.9400 4.8800 4.7500 4.6300 4.7000 4.5900 4.6000 4.3500 4.5100 4.3300 4.2500 4.3600 4.2800 4.3300 4.0500 3.9600 3.9900 
57.0600 49.5200 40.7700 38.0100 28.7300 24.1900 24.1600 21.8600 21.7300 18.4200 16.1500 12.9800 11.7700 10.7900 9.9400 9.1700 8.8800 8.2900 8.0600 8.0000 7.6000 7.3800 7.0400 6.7300 6.4700 6.1200 5.8400 5.6100 5.3800 5.4000 5.3000 5.0900 5.0500 5.0500 5.1100 5.0500 4.8100 4.8300 4.6600 4.6800 4.6800 4.5400 4.6200 4.4600 4.4100 4.4800 4.3200 4.4100 4.1000 4.1700 4.0700 
57.1300 49.1200 40.4400 37.7900 28.8000 24.3600 24.3500 22.0100 21.5600 18.5400 16.0700 12.8900 11.5500 10.7700 9.9400 9.2300 8.7200 8.3300 8.1800 7.8100 7.5800 7.4000 6.8800 6.6300 6.4400 6.1300 5.9200 5.5700 5.4000 5.4400 5.2400 5.1900 5.1300 5.0700 5.0400 5.0400 4.8900 4.7900 4.7400 4.8400 4.7100 4.6100 4.5900 4.5500 4.5100 4.4700 4.3500 4.4300 4.2800 4.1200 4.0800 
56.8900 48.8300 40.3700 37.8200 28.7800 24.1300 24.2900 22.1400 21.8500 18.3800 16.1500 12.9600 11.6100 10.7300 10.0100 9.2000 8.7000 8.2500 8.0900 7.8400 7.5500 7.4000 7.0300 6.7700 6.3600 6.2000 5.9700 5.6600 5.4700 5.4000 5.3700 5.2400 5.1500 5.0200 5.1500 5.0500 4.9900 4.8400 4.8100 4.7700 4.7900 4.6400 4.6800 4.6000 4.4400 4.6100 4.3700 4.4100 4.2400 4.1200 4.2000 
56.5600 48.4600 40.2700 37.7100 28.2300 24.0700 24.0100 21.7700 21.5500 18.2900 16.0000 12.9900 11.4000 10.6900 9.8700 9.2100 8.8900 8.4100 8.1400 7.9800 7.6500 7.4400 7.0800 6.7800 6.3300 6.1600 5.9000 5.5400 5.5500 5.5000 5.3500 5.2900 5.2400 5.0600 5.1500 5.1600 4.9600 4.7800 4.8000 4.6600 4.7800 4.7000 4.7000 4.6300 4.3600 4.5500 4.2900 4.3700 4.1900 4.1000 4.1700 
56.7000 48.7800 40.3900 37.7400 28.2100 24.1800 23.7100 21.7000 21.4900 18.1500 15.9400 13.2000 11.5000 10.9300 10.1600 9.4300 8.7000 8.4400 8.1800 8.0600 7.8000 7.5600 7.1300 6.7100 6.3400 6.1300 5.9300 5.6700 5.5200 5.4600 5.3200 5.2600 5.2500 5.1300 5.1200 5.1700 4.9800 4.8500 4.8700 4.8700 4.7900 4.7400 4.7500 4.6500 4.4600 4.5400 4.3600 4.3800 4.3400 4.2400 4.0900 
56.7200 48.4700 39.9600 37.2100 27.9700 23.6400 23.4500 21.2100 21.1200 17.9200 15.7400 12.8100 11.4600 10.4600 9.9200 9.3000 8.7400 8.1900 8.0100 7.9900 7.7200 7.5200 7.1800 6.7400 6.1700 6.1200 5.9400 5.5900 5.5000 5.3800 5.3600 5.1400 5.1200 5.0500 4.9900 5.1000 4.9100 4.7700 4.7300 4.7800 4.8100 4.6800 4.6600 4.6700 4.5000 4.5500 4.4200 4.3800 4.2300 4.1400 4.0700 
56.6300 48.3900 39.9400 37.2300 27.8100 23.3700 23.5300 21.1700 20.9300 17.8400 15.6500 12.8400 11.3900 10.5500 9.8800 9.3100 8.8100 8.2100 8.0200 7.9000 7.6900 7.4500 7.1600 6.8600 6.2700 6.2000 5.9600 5.6500 5.6200 5.5000 5.4300 5.2000 5.1700 5.0600 5.0700 5.1700 5.0000 4.8000 4.8300 4.8600 4.8500 4.7400 4.7800 4.6800 4.5100 4.5900 4.4200 4.4700 4.2600 4.0900 4.1400 
56.3700 48.2300 40.0100 37.1200 27.8400 23.5000 23.4700 21.2200 21.0100 17.8900 15.8000 12.8000 11.4900 10.5200 9.9000 9.2400 8.8700 8.2200 8.0700 7.9700 7.7300 7.4400 7.1700 6.7800 6.2100 6.1500 6.0200 5.7300 5.5600 5.3500 5.3900 5.1300 5.1400 5.0400 5.0600 5.0300 4.9000 4.7600 4.7500 4.7900 4.8100 4.7100 4.7700 4.6400 4.4800 4.6000 4.5100 4.4400 4.2300 4.1400 4.0800 
56.6200 48.3400 39.9200 37.1400 27.7400 23.5300 23.3600 21.2400 21.0900 17.8800 15.7200 12.8700 11.4000 10.7100 9.8700 9.2700 8.8500 8.2100 8.0700 7.8900 7.6600 7.4300 7.1100 6.8200 6.3200 6.1900 5.9800 5.7200 5.6200 5.4500 5.5100 5.3000 5.2800 5.1000 5.1200 5.1800 4.9700 4.8100 4.8000 4.8600 4.8200 4.7400 4.7900 4.6900 4.5300 4.6000 4.4600 4.4600 4.2300 4.1400 4.1000 
