34.1500 34.5800 40.1200 45.0800 51.1400 52.2800 53.5900 55.9600 57.9100 57.8700 56.2000 54.6600 60.9500 63.7700 66.9900 68.4500 69.6200 70.2700 72.9000 73.9200 76.4800 78.8600 79.3400 81.2800 83.7300 85.4400 87.2200 88.5900 88.7900 89.2400 89.5300 90.0300 89.9100 90.4000 89.8500 90.0600 90.8300 91.1700 91.6000 91.6300 92.0900 92.1700 92.2500 92.2500 92.2700 92.4700 92.5300 91.9000 92.4700 92.3400 92.4100 
31.4900 34.9500 42.5300 47.2600 54.2900 56.4700 56.2600 58.4300 59.3100 63.6900 65.5800 69.2300 72.2600 73.9900 75.8700 76.8000 78.3400 80.1800 80.6900 81.4200 83.5300 84.6400 85.7300 86.1800 88.0400 88.7800 90.1900 90.9200 91.0600 91.4100 92.0200 92.1100 92.2600 92.3300 92.2600 92.5300 92.7500 93.2000 93.4600 93.7200 93.8000 94.1000 94.0300 94.0500 94.1800 94.2600 94.3500 94.2400 94.5400 94.4500 94.5900 
34.0700 38.7200 46.9700 52.8200 57.7600 59.8400 59.8800 62.5900 62.9900 66.4900 71.0200 75.4000 76.3500 77.5900 79.5300 80.6900 82.4400 82.8700 83.6300 83.9700 85.0100 86.0400 87.0700 87.5900 88.5500 89.6100 89.9600 90.4400 90.7800 91.1000 91.4100 91.2500 91.5900 91.9700 92.0800 92.0700 92.5100 93.0800 93.3300 93.4100 93.3900 93.6500 93.6700 93.7100 93.7500 93.7200 93.9200 93.5000 94.5000 94.3200 94.3300 
36.3300 38.7700 46.5900 50.9700 58.7200 61.9300 61.4700 63.0600 65.2200 69.5300 73.7400 76.4900 76.9200 76.7500 78.7700 79.5900 81.2400 82.7800 83.5900 83.7400 84.3200 85.8300 86.3100 87.1900 88.6000 89.4200 90.3400 90.4900 90.9200 91.0500 91.1300 91.6400 91.8300 91.8400 92.1300 92.2400 92.5000 93.0300 93.0700 93.2500 93.5000 93.4800 93.5900 93.4600 93.7000 93.6900 93.6900 93.7600 94.2800 94.4400 94.4300 
36.0500 40.4300 44.9700 44.5400 53.7500 56.9100 57.2700 58.6700 63.5800 66.6300 71.1700 75.7800 78.8400 79.7200 82.0500 83.6400 85.0600 84.9600 85.7200 86.8000 87.4600 88.2700 88.2000 88.9400 90.4400 90.8600 91.3200 92.2800 92.5000 92.6300 92.7200 92.9900 93.0100 93.2100 93.2700 93.2800 93.5400 93.8000 93.7400 93.9000 94.0900 94.1100 94.0200 94.1200 94.2300 94.3600 94.3600 94.3300 94.7700 94.6500 94.7200 
35.9500 40.5100 47.0600 48.7800 57.8700 61.3100 61.4500 64.7100 65.0500 69.5400 71.4800 73.0400 78.3900 80.0400 81.4800 83.5800 84.5500 85.3200 86.1800 86.3500 87.5000 88.3900 89.3500 89.6600 90.8000 91.0500 91.8400 92.4600 92.3900 92.5800 92.6800 92.9100 93.0100 93.0300 93.0600 93.0900 93.2900 93.4500 93.5000 93.5700 93.7200 93.8400 93.6400 93.6500 93.8000 93.7800 93.7600 94.0100 94.4500 94.2800 94.4500 
35.5300 40.4700 49.1300 55.1100 62.5500 67.2600 67.3300 69.6600 70.1200 74.2300 76.7000 80.3500 83.2900 83.4400 85.1700 85.8400 86.5900 87.0600 87.8800 88.1300 89.0500 89.7200 90.2300 90.4800 90.9700 91.5600 91.9100 92.2400 92.3700 92.5400 92.5400 92.8800 92.9100 93.1900 93.1500 93.2200 93.5700 93.6700 93.8800 93.9100 94.1300 94.2000 94.1300 94.1100 94.3900 94.3100 94.4900 94.4800 94.8500 94.6900 94.7900 
36.2800 43.2300 51.0200 52.6500 61.2300 66.0700 65.9000 68.2500 68.0500 71.4800 73.3300 77.2500 78.7900 79.2500 81.5100 82.6000 82.9300 84.2600 85.4200 85.5300 87.7300 88.7100 89.7600 90.5700 91.4300 92.0600 92.6000 92.9700 92.9100 92.9800 93.0500 93.2500 93.2900 93.5400 93.4800 93.5800 93.9700 94.2800 94.3600 94.3400 94.3400 94.5000 94.6100 94.5600 94.6500 94.6300 94.6400 94.7700 94.9000 94.9400 95.0200 
38.3600 44.9600 51.6800 55.1100 64.1100 68.8700 68.6500 70.8600 70.8900 74.7900 77.1700 82.0300 82.6200 83.1400 84.1000 85.7900 86.0800 86.3800 86.8800 86.9700 87.1200 87.9500 87.9200 88.3400 89.0800 90.1400 90.8100 91.3700 91.7700 91.9500 92.4700 92.4200 92.6800 92.8400 92.9900 93.0600 93.3900 93.5200 93.6000 93.6000 93.7600 93.7200 93.9200 93.8900 94.0500 94.1400 94.1400 93.8900 94.3600 94.4700 94.5100 
40.1000 45.9100 47.9600 53.3100 63.7900 69.1100 68.0500 71.1700 70.1500 73.4700 74.1500 79.1400 80.5900 81.6800 83.0400 83.9800 85.3400 85.7600 86.1900 86.4300 87.3800 87.9000 88.8500 89.4100 90.1600 90.8300 91.0800 91.4000 91.5200 91.6600 91.8800 92.0000 92.1800 92.4000 92.5900 92.6000 92.8300 92.9900 93.1100 93.3800 93.4300 93.4900 93.5100 93.6000 93.7900 93.7000 93.8300 93.6400 94.1400 94.2600 94.2300 
35.3900 43.6300 46.9500 49.1600 60.6200 65.7300 64.7100 68.1700 69.9300 71.8500 75.8100 77.1500 80.2100 81.4500 83.6500 83.8000 85.0100 85.4300 86.3300 86.2700 86.5500 87.5200 87.3100 87.9500 88.7900 89.2100 89.8400 90.2200 90.5600 90.6900 90.7100 90.9400 91.1200 91.1900 91.4900 91.4900 91.6900 92.3400 92.4200 92.5000 92.6700 92.8600 92.7600 92.9100 93.1600 93.0000 93.1800 93.7300 93.6300 93.6800 93.8400 
37.9500 43.9800 53.4200 56.9700 64.1300 69.2000 69.3500 71.6300 71.1700 74.7700 77.5200 81.2600 81.4100 83.6200 84.6200 86.2000 86.0200 86.0900 86.4600 85.7800 86.6200 87.7500 87.8100 88.4100 89.8900 90.5800 91.2600 91.5700 91.7400 91.8000 91.9900 92.1600 92.4400 92.7000 92.6700 92.6400 93.0500 93.5700 93.4700 93.6700 93.6800 93.7600 93.8400 93.8200 93.9600 94.1800 94.2000 94.1600 94.8800 94.8300 94.7500 
33.8000 40.3900 41.4300 42.1400 52.3100 58.2800 57.8500 59.8300 63.2300 69.3200 74.1000 79.5100 83.8400 85.2300 86.7400 87.0800 87.5800 87.8500 88.3200 88.3600 89.0700 89.6900 90.0600 90.6300 91.4200 91.6900 92.2500 92.8300 92.9400 92.9100 93.0700 93.3900 93.3600 93.6300 93.7600 93.7900 93.9600 94.2500 94.4500 94.4300 94.4900 94.5400 94.6600 94.6500 94.7500 94.8000 94.6900 94.5500 95.2000 95.0800 95.0600 
42.5400 50.2100 58.5600 61.6700 70.0900 74.2600 74.6900 76.9200 77.0500 80.6900 82.8300 86.5300 87.7700 88.7500 89.9100 90.5700 90.9900 91.2600 91.6500 91.8500 92.1900 92.5800 93.0000 93.0600 93.5300 93.8300 94.0500 94.4200 94.4800 94.6100 94.7500 94.9500 94.8600 94.9200 94.9100 95.0100 95.0900 95.3500 95.1500 95.3000 95.3000 95.4200 95.5300 95.4700 95.6100 95.7300 95.8300 95.6700 95.8400 95.8400 95.9700 
42.2500 49.8600 58.7100 61.6900 70.2900 74.5600 74.8700 77.2200 77.4600 81.0100 83.3100 86.7000 88.0100 89.0300 89.9900 90.6100 91.3000 91.5500 91.8500 91.9500 92.4000 92.7500 93.0000 93.2300 93.6200 93.9100 94.1600 94.3800 94.5600 94.6700 94.7100 94.9000 95.0200 94.9700 95.0000 95.0500 95.2300 95.3900 95.3100 95.2800 95.3200 95.4700 95.5600 95.6500 95.7000 95.7000 95.7400 95.6800 95.9200 95.9600 96.0300 
43.0100 50.6000 59.0400 61.9700 70.6700 75.2000 75.2700 77.5200 77.5800 81.2100 83.6600 86.8900 88.1800 89.2100 89.9500 90.7100 91.2600 91.7100 91.9200 92.0600 92.4500 92.5600 92.9300 93.3000 93.5700 93.9300 94.0800 94.3700 94.6300 94.7000 94.6700 95.0700 94.9600 95.0300 95.0300 95.0600 95.1500 95.4200 95.2700 95.3500 95.4800 95.5400 95.5900 95.7300 95.7100 95.7400 95.8400 95.7800 95.9300 95.9600 96.0300 
42.8500 50.5800 59.1100 61.9500 70.9500 75.0700 75.4600 77.9000 77.8900 81.3200 83.6400 87.0700 88.2500 89.1600 89.9100 90.8000 91.2700 91.6900 91.9800 91.9100 92.3400 92.4700 93.0200 93.3200 93.7400 93.9600 94.1900 94.3900 94.6800 94.7600 94.8300 95.0200 94.9100 95.1200 95.0600 95.1200 95.2500 95.3700 95.3000 95.4100 95.4000 95.6500 95.4900 95.6700 95.7500 95.6400 95.7200 95.6700 95.9500 96.0400 96.0100 
42.9400 50.4800 59.2300 61.9900 71.2700 75.8100 75.8400 78.1400 78.2700 81.5800 83.8500 87.0200 88.2300 89.2100 90.0600 90.8300 91.1200 91.7100 91.9400 92.0000 92.4000 92.6200 92.9600 93.2700 93.5300 93.8800 94.1600 94.3900 94.6200 94.6000 94.7000 94.9100 94.9500 94.9500 94.8900 94.9500 95.1900 95.1700 95.3400 95.3200 95.3200 95.4600 95.3800 95.5400 95.5900 95.5200 95.6800 95.5900 95.9000 95.8300 95.9300 
42.8700 50.8800 59.5600 62.2100 71.2000 75.6400 75.6500 77.9900 78.4400 81.4600 83.9300 87.1100 88.4500 89.2300 90.0600 90.7700 91.2800 91.6700 91.8200 92.1900 92.4200 92.6000 93.1200 93.3700 93.5600 93.8700 94.0800 94.4300 94.6000 94.5600 94.7600 94.8100 94.8700 94.9300 94.9600 94.9600 95.1100 95.2100 95.2600 95.1600 95.2900 95.3900 95.4100 95.4500 95.4900 95.5300 95.6500 95.5700 95.7200 95.8800 95.9200 
43.1100 51.1700 59.6300 62.1800 71.2200 75.8700 75.7100 77.8600 78.1500 81.6200 83.8500 87.0400 88.3900 89.2700 89.9900 90.8000 91.3000 91.7500 91.9100 92.1600 92.4500 92.6000 92.9700 93.2300 93.6400 93.8000 94.0300 94.3400 94.5300 94.6000 94.6300 94.7600 94.8500 94.9800 94.8500 94.9500 95.0100 95.1600 95.1900 95.2300 95.2100 95.3600 95.3200 95.4000 95.5600 95.3900 95.6300 95.5900 95.7600 95.8800 95.8000 
43.4400 51.5400 59.7300 62.2900 71.7700 75.9300 75.9900 78.2300 78.4500 81.7100 84.0000 87.0100 88.6000 89.3100 90.1300 90.7900 91.1100 91.5900 91.8600 92.0200 92.3500 92.5600 92.9200 93.2200 93.6700 93.8400 94.1000 94.4600 94.4500 94.5000 94.6500 94.7100 94.7600 94.9400 94.8500 94.8400 95.0400 95.2200 95.2000 95.3400 95.2200 95.3000 95.3000 95.3700 95.6400 95.4500 95.7100 95.6300 95.8100 95.9000 95.8300 
43.3000 51.2200 59.6100 62.2600 71.7900 75.8200 76.2900 78.3000 78.5100 81.8500 84.0600 86.8000 88.5000 89.0700 89.8400 90.5700 91.3000 91.5600 91.8200 91.9400 92.2000 92.4400 92.8700 93.2900 93.6600 93.8700 94.0700 94.3300 94.4800 94.5400 94.6800 94.7400 94.7500 94.8700 94.8800 94.8300 95.0200 95.1500 95.1300 95.1300 95.2100 95.2600 95.2500 95.3500 95.5400 95.4600 95.6400 95.6200 95.6600 95.7600 95.9100 
43.2800 51.5300 60.0400 62.7900 72.0300 76.3600 76.5500 78.7900 78.8800 82.0800 84.2600 87.1900 88.5400 89.5400 90.0800 90.7000 91.2600 91.8100 91.9900 92.0100 92.2800 92.4800 92.8200 93.2600 93.8300 93.8800 94.0600 94.4100 94.5000 94.6200 94.6400 94.8600 94.8800 94.9500 95.0100 94.9000 95.0900 95.2300 95.2700 95.2200 95.1900 95.3200 95.3400 95.3300 95.5000 95.4500 95.5800 95.6200 95.7700 95.8600 95.9300 
43.3700 51.6100 60.0600 62.7700 72.1900 76.6300 76.4700 78.8300 79.0700 82.1600 84.3500 87.1600 88.6100 89.4500 90.1200 90.6900 91.1900 91.7900 91.9800 92.1000 92.3100 92.5500 92.8400 93.1400 93.7300 93.8000 94.0400 94.3500 94.3800 94.5000 94.5700 94.8000 94.8300 94.9400 94.9300 94.8300 95.0000 95.2000 95.1700 95.1400 95.1500 95.2600 95.2200 95.3200 95.4900 95.4100 95.5800 95.5300 95.7400 95.9100 95.8600 
43.6300 51.7700 59.9900 62.8800 72.1600 76.5000 76.5300 78.7800 78.9900 82.1100 84.2000 87.2000 88.5100 89.4800 90.1000 90.7600 91.1300 91.7800 91.9300 92.0300 92.2700 92.5600 92.8300 93.2200 93.7900 93.8500 93.9800 94.2700 94.4400 94.6500 94.6100 94.8700 94.8600 94.9600 94.9400 94.9700 95.1000 95.2400 95.2500 95.2100 95.1900 95.2900 95.2300 95.3600 95.5200 95.4000 95.4900 95.5600 95.7700 95.8600 95.9200 
43.3800 51.6600 60.0800 62.8600 72.2600 76.4700 76.6400 78.7600 78.9100 82.1200 84.2800 87.1300 88.6000 89.2900 90.1300 90.7300 91.1500 91.7900 91.9300 92.1100 92.3400 92.5700 92.8900 93.1800 93.6800 93.8100 94.0200 94.2800 94.3800 94.5500 94.4900 94.7000 94.7200 94.9000 94.8800 94.8200 95.0300 95.1900 95.2000 95.1400 95.1800 95.2600 95.2100 95.3100 95.4700 95.4000 95.5400 95.5400 95.7700 95.8600 95.9000 
