92.9800 92.6600 93.8800 87.8500 88.3200 82.8000 84.7100 80.9700 79.5300 80.5600 78.3900 61.5800 42.9600 37.7100 
92.9400 92.5200 93.2900 87.5200 87.6600 81.4400 82.6900 79.0900 77.5000 77.7100 75.6900 57.8800 39.5800 35.5800 
92.7900 92.4000 93.2200 87.2000 87.0100 80.8100 82.5700 78.5700 76.1400 76.9700 74.2800 55.9000 37.7100 34.4300 
93.0100 92.2000 92.9100 86.4900 86.8600 79.7500 81.2100 77.1000 74.8600 74.7000 71.8400 54.1000 36.3700 33.4900 
92.9700 92.2100 92.2200 86.8700 86.9500 80.2900 81.4000 77.2100 74.2800 74.4800 71.2000 52.7200 35.6200 32.6500 
93.0600 92.1600 92.2900 86.3800 86.0200 79.5500 80.5400 75.7400 73.0900 72.6700 69.0000 51.3300 34.6100 32.2200 
92.9300 92.0800 91.8400 86.0900 85.9700 79.2000 80.3600 75.7600 72.2400 71.8200 68.0400 50.2300 34.0400 31.9900 
92.7900 91.7800 91.5300 85.0000 85.5400 78.7000 78.8300 74.6500 71.3600 70.0600 66.5900 49.3500 33.3500 31.0400 
92.8100 91.5900 91.2600 85.3700 84.9400 78.1500 78.2900 73.6300 70.3900 68.6700 65.8400 48.0000 32.7400 31.3300 
92.6600 91.5400 90.8500 85.4900 84.9900 78.0200 77.2500 73.2300 69.6000 68.5100 64.6400 47.7800 32.5400 31.1200 
92.9300 91.4300 90.4600 84.8600 84.4300 77.5400 77.3200 72.4600 69.0000 67.5600 63.7100 46.5800 32.1200 30.9000 
92.5600 91.5400 90.5200 84.6100 84.0800 77.3100 76.7000 71.8600 68.0900 66.3400 62.8700 45.6900 31.5500 30.9800 
92.5800 91.1300 90.7200 84.1900 84.0500 76.8300 76.2900 71.6600 67.1700 65.7900 61.6600 45.3200 31.1400 30.6600 
92.6900 91.5800 90.1900 84.3500 83.3200 76.7300 75.8500 70.8600 66.6500 64.8700 60.7800 44.8700 31.1000 30.3500 
92.9500 91.6900 89.7900 84.2400 83.1500 76.3300 75.5300 69.9400 66.0500 64.1500 59.4600 43.8800 30.6100 29.7700 
92.5100 91.0400 89.7900 83.3800 83.0800 75.8000 74.4700 69.3400 65.0800 62.4800 58.4400 43.2600 30.4200 30.0300 
92.6100 91.0800 89.5000 83.7100 82.9200 75.8600 74.2900 68.9800 65.1000 62.2300 57.9900 43.2300 30.2900 30.2200 
92.4900 91.3500 89.8100 83.0700 82.1500 75.6900 73.7100 67.9600 64.2600 61.1800 56.5300 41.9000 29.6400 29.7900 
92.2300 90.6200 89.3700 83.1400 82.4500 75.4200 73.4300 67.6800 63.5500 60.9500 56.4600 41.9800 29.7300 29.8800 
92.3500 90.7600 89.0900 83.1300 82.3600 75.1600 72.9300 67.0800 62.7300 60.1600 55.8500 41.3800 29.3600 29.6000 
92.3700 90.3000 88.9800 82.4900 81.8100 75.0100 72.6500 67.1400 62.4700 59.6700 54.8600 40.9800 29.7100 29.6000 
92.4500 90.8100 89.1900 82.7000 81.6600 74.4800 72.0800 66.1500 61.8700 58.6400 53.9000 40.0900 29.0600 29.5300 
92.0900 90.6100 88.4800 82.6200 81.4400 74.2300 71.9200 66.1000 61.3000 58.6700 54.1800 40.2700 29.1100 29.5700 
91.8400 90.6500 88.7600 82.4100 81.4700 74.6100 71.6700 65.4500 60.4300 57.5100 52.8300 39.7800 29.0500 29.5300 
91.8600 90.7200 88.5700 82.7800 81.4400 73.7700 71.4500 64.9600 60.2500 56.8800 52.3100 39.2700 29.0800 29.7400 
92.0200 90.5500 88.0800 82.6100 81.1900 74.3800 71.3800 64.7700 59.9600 56.9200 52.2700 39.3600 28.9200 29.2600 
92.0400 90.4500 88.1500 81.9600 80.9900 73.8600 70.8200 63.6500 58.6800 55.5800 51.0900 38.6700 28.9000 29.2900 
92.1600 90.5600 88.1100 81.9400 80.8100 73.2700 70.3400 63.5100 58.9000 55.8200 50.8700 38.4000 28.7500 29.5700 
91.8700 90.2400 87.5400 81.5900 80.5900 73.4400 69.8100 63.5300 58.1200 54.7300 50.2700 38.0500 28.5700 29.3100 
92.2000 89.9700 87.4000 81.7900 80.4200 72.8400 69.1600 62.4800 57.7800 54.8300 49.9000 37.8400 28.2600 28.8800 
92.0400 90.2200 87.5000 81.6400 80.7300 72.9400 69.0900 62.4400 57.5800 54.3100 49.9400 37.5500 28.5600 29.4100 
92.0900 89.9500 87.2500 81.6200 80.1600 72.9200 68.6600 62.2500 56.8600 54.0100 49.0900 37.3400 28.8900 29.7400 
91.9600 90.3800 87.4300 81.9900 80.7100 72.6800 69.0500 61.4500 56.6700 53.4400 48.4900 37.5800 28.9300 29.4100 
91.8700 90.5600 87.2800 81.7700 80.3900 72.9300 68.6000 61.3100 56.3100 53.0500 47.9100 37.0100 28.6100 29.2400 
91.8100 89.9300 86.9400 81.8700 80.6200 72.7700 68.8300 61.8300 56.7700 53.6500 48.2700 37.3100 29.3000 29.5400 
91.7400 90.2400 87.3500 81.6700 79.9700 72.7400 68.3500 61.1000 55.2900 52.1900 47.3300 36.6700 28.3700 29.2400 
91.5200 89.7700 86.8600 81.0600 79.7100 71.7800 67.1500 59.9000 54.7600 51.6000 46.5300 36.3900 28.1900 29.3300 
91.8200 89.8900 86.6500 80.8100 79.5400 71.8100 67.4200 59.9000 54.1400 51.0100 46.2600 36.3200 28.5500 29.3900 
91.8100 89.9400 86.8200 80.9800 79.3700 71.5700 66.7700 59.4300 53.4900 50.5000 46.0300 35.7000 28.3100 29.2600 
91.7000 89.8700 86.9100 80.9200 79.4500 71.9500 66.9400 59.3600 53.4000 50.1000 45.7700 35.9500 28.4200 29.0700 
91.6400 89.7300 86.7300 80.8800 79.3900 71.5600 66.4100 58.6400 53.2900 49.9300 45.3300 35.1800 28.3900 29.1800 
91.3600 89.7900 86.6800 80.8700 79.1900 71.2900 66.2800 58.6200 52.4600 49.3100 44.7100 35.2500 28.3700 28.8900 
91.7300 89.6500 86.4700 80.5200 78.7800 71.0900 65.6500 58.0600 52.3200 49.4400 44.6000 35.1600 27.8700 28.9800 
91.5500 89.3900 86.4100 80.7600 79.0600 71.2200 65.9900 58.0000 52.3100 49.1200 44.5900 35.2700 28.2900 29.5000 
91.4800 89.4000 86.3000 80.7500 78.6900 70.9000 65.2100 57.9900 52.2000 48.8100 44.1100 34.8100 27.9400 29.1300 
91.3800 89.6000 86.1600 80.2200 78.5600 70.4800 65.1500 57.6800 52.2600 48.6700 43.8200 34.6200 28.4000 29.4300 
91.3600 89.4700 86.3800 80.2000 78.9000 70.7400 65.2600 57.2700 51.4200 48.4900 43.8500 34.5400 28.4200 28.9800 
91.5100 89.2900 85.7900 80.0500 78.6100 70.1900 65.0600 56.9000 50.8800 48.0800 43.0800 34.4900 28.2100 29.0800 
91.1900 89.2900 85.8400 79.9300 78.3000 70.3800 64.4800 56.7300 50.9300 47.7000 43.1100 34.5300 28.3700 28.8100 
91.3700 89.1200 85.4600 79.9200 78.3400 70.3000 64.6700 56.5400 50.8900 47.3300 42.5800 34.0300 28.3000 28.8300 
91.4400 89.3400 85.8000 79.6900 78.1200 70.1600 64.2800 55.7800 49.8200 46.5300 42.2000 33.9500 28.3900 29.0400 
91.6600 89.4000 85.6700 80.1800 78.2400 70.1100 64.5600 56.3700 50.2800 46.9700 42.5100 33.9900 28.2100 28.9700 
91.3600 89.4000 85.6900 79.8400 78.0600 69.6600 63.7300 55.6200 49.7000 46.1200 41.8500 33.6500 28.1600 28.8700 
91.4200 89.2400 86.0300 80.2900 78.4100 70.2000 63.8500 55.4100 49.8800 46.7100 41.7000 33.7300 28.3800 29.0800 
91.1500 88.9000 85.1600 79.4800 77.6700 69.6500 63.2000 54.7300 49.1600 46.2100 41.8100 33.6400 28.0600 29.2700 
91.3000 89.0300 85.4300 79.6500 77.8200 69.4000 63.0600 55.0200 49.3900 45.3300 41.3900 33.3100 27.9800 28.9600 
91.1000 89.0700 85.4400 79.6400 77.8300 69.1300 62.8600 54.1900 48.7000 45.1500 40.7900 33.1200 27.8200 28.9200 
91.1700 89.0500 85.3100 79.3300 77.6700 69.0800 63.0300 54.9200 49.4900 45.7500 41.0500 33.1400 28.2500 29.0600 
90.9000 89.1300 85.0900 79.4100 77.4600 68.6300 62.5700 54.5800 48.5200 44.7100 40.7900 33.2700 28.1900 28.5100 
90.9100 88.9600 85.1400 79.3500 77.3100 68.9900 62.5100 54.4700 48.9500 44.9200 40.9000 33.5200 28.4800 29.2500 
91.0900 89.0600 85.1300 79.1900 77.4800 69.1500 62.4200 53.8900 48.2600 44.3300 40.4900 33.2800 28.1000 28.9200 
91.1500 89.3700 85.2200 79.6200 77.5400 69.0300 62.3100 54.0800 48.0800 44.5100 40.4600 33.3000 28.6200 29.2200 
91.2000 89.0000 85.1800 79.1800 77.4000 68.6900 62.3200 53.5300 47.6400 44.3300 40.1400 33.0000 28.3400 28.9500 
90.8100 89.0600 85.4100 79.3000 77.3100 69.0500 61.9900 53.7300 47.4800 44.0500 40.2700 32.9600 28.5900 29.2600 
90.9900 88.8900 85.1400 79.4800 76.8200 68.1800 61.7600 53.6000 47.7500 44.0700 40.0100 33.1200 28.7100 29.7900 
91.0800 88.5200 84.7900 78.8000 76.6400 67.8100 61.1000 53.3500 46.9500 43.8100 39.7800 32.7500 28.1300 28.9200 
91.1200 89.3200 85.1400 79.2200 77.0200 68.2900 61.7000 52.9100 46.9600 43.4600 39.5000 32.4600 28.3900 28.7900 
90.7900 88.5000 84.9600 78.7300 76.9500 67.7800 61.1200 52.7100 47.2300 43.7800 39.2300 32.7300 28.2600 29.3200 
91.0900 88.4100 84.6900 78.8000 76.7100 68.2500 61.2100 52.5500 46.6400 43.3600 39.0300 32.5500 28.5900 28.9000 
90.9100 88.8900 85.2100 79.5600 77.2600 68.1600 61.1700 52.7200 46.5800 43.1800 39.0000 32.2700 28.5000 28.8700 
90.8000 88.6000 85.0300 79.1900 76.9200 68.3200 61.4300 52.5700 46.9300 43.3900 39.9000 33.0400 28.9700 29.3500 
91.0100 88.6800 84.6700 78.8200 76.6100 67.3900 60.6200 52.3000 46.8000 43.2200 39.1800 32.9800 28.8500 29.3400 
90.6400 88.8700 84.8100 78.8000 76.5100 67.3000 60.6600 52.0000 45.9800 42.6500 38.5700 32.2900 28.8800 29.2900 
90.6500 88.3200 84.8500 78.7500 76.5300 67.8700 60.9600 52.8400 46.9000 43.1200 38.6200 32.3700 28.7800 29.6200 
90.8700 88.4200 84.5300 78.5200 76.5100 67.2500 60.6000 52.3400 46.2000 42.7900 38.7600 32.4500 28.5200 29.0700 
90.7800 88.4800 84.3200 78.3100 75.9200 67.1700 59.7400 51.2200 45.3900 42.3000 38.2700 32.3800 28.9100 29.1800 
91.0000 88.1000 84.4200 78.4000 76.3800 67.4700 59.9500 51.8400 46.2100 42.2300 38.5400 32.0400 28.8800 29.4400 
90.8400 88.3600 84.4900 78.2800 75.7800 67.3400 59.7600 51.2500 45.2500 42.1700 38.2000 32.3400 28.8600 29.6800 
90.7000 88.4700 84.6400 78.5300 76.2200 67.1500 59.6000 51.1000 45.5400 41.8000 37.8500 32.1000 29.0200 29.5700 
90.8400 88.4900 84.2700 78.3500 75.9600 67.2000 59.3600 51.0000 45.1900 41.9400 38.0500 32.2400 29.4000 29.5100 
90.8600 88.5200 84.3500 78.1900 76.0700 66.4100 59.4600 50.9300 45.5200 41.5800 37.8500 31.8200 28.9600 29.4200 
90.6400 88.2400 84.1800 78.0900 75.9000 66.4500 59.4100 50.8600 45.1700 41.4900 37.8200 32.1300 28.8400 29.5900 
90.6900 88.0000 84.3300 77.9500 75.8800 66.4800 58.7900 50.5800 44.9000 41.2900 37.3500 32.6300 28.9700 29.9100 
90.6700 88.2100 84.2400 78.0000 75.7300 66.5400 59.0500 50.1100 44.7000 41.2800 37.6200 32.3800 29.0700 29.9000 
90.7300 87.9900 84.2700 78.3600 76.0400 66.5700 58.8000 50.1600 44.3800 40.7200 37.6000 31.9600 29.0800 29.5700 
90.8000 88.5800 84.1700 78.1700 75.8400 66.6100 59.3400 50.5000 44.5900 41.2000 37.3300 32.2500 29.0200 30.1400 
90.4500 88.3700 84.2700 78.2200 75.6900 66.1100 58.3200 50.1100 44.0900 40.8700 37.6100 31.8300 29.3400 29.9100 
90.6900 88.0800 83.9400 78.3800 75.9400 66.9400 59.1200 50.6900 45.2700 41.5600 37.8300 32.4800 30.1100 30.5600 
90.6500 88.1200 83.7100 77.9300 75.3800 66.3500 58.4400 49.7200 43.9100 40.3800 36.8700 31.8500 29.3300 29.8100 
90.3900 88.0500 84.0900 78.0600 75.7600 66.0300 58.4700 49.3100 44.2900 40.6500 37.1800 32.0500 29.5200 29.6000 
90.5500 88.2800 83.8500 77.8000 75.3900 66.0700 58.4700 49.6500 43.7800 40.3400 37.0900 31.9900 29.3100 29.6400 
