7.0200 7.3400 6.1200 12.1500 11.6800 17.2000 15.2900 19.0300 20.4700 19.4400 21.6100 38.4200 57.0400 62.2900 
7.0600 7.4800 6.7100 12.4800 12.3400 18.5600 17.3100 20.9100 22.5000 22.2900 24.3100 42.1200 60.4200 64.4200 
7.2100 7.6000 6.7800 12.8000 12.9900 19.1900 17.4300 21.4300 23.8600 23.0300 25.7200 44.1000 62.2900 65.5700 
6.9900 7.8000 7.0900 13.5100 13.1400 20.2500 18.7900 22.9000 25.1400 25.3000 28.1600 45.9000 63.6300 66.5100 
7.0300 7.7900 7.7800 13.1300 13.0500 19.7100 18.6000 22.7900 25.7200 25.5200 28.8000 47.2800 64.3800 67.3500 
6.9400 7.8400 7.7100 13.6200 13.9800 20.4500 19.4600 24.2600 26.9100 27.3300 31.0000 48.6700 65.3900 67.7800 
7.0700 7.9200 8.1600 13.9100 14.0300 20.8000 19.6400 24.2400 27.7600 28.1800 31.9600 49.7700 65.9600 68.0100 
7.2100 8.2200 8.4700 15.0000 14.4600 21.3000 21.1700 25.3500 28.6400 29.9400 33.4100 50.6500 66.6500 68.9600 
7.1900 8.4100 8.7400 14.6300 15.0600 21.8500 21.7100 26.3700 29.6100 31.3300 34.1600 52.0000 67.2600 68.6700 
7.3400 8.4600 9.1500 14.5100 15.0100 21.9800 22.7500 26.7700 30.4000 31.4900 35.3600 52.2200 67.4600 68.8800 
7.0700 8.5700 9.5400 15.1400 15.5700 22.4600 22.6800 27.5400 31.0000 32.4400 36.2900 53.4200 67.8800 69.1000 
7.4400 8.4600 9.4800 15.3900 15.9200 22.6900 23.3000 28.1400 31.9100 33.6600 37.1300 54.3100 68.4500 69.0200 
7.4200 8.8700 9.2800 15.8100 15.9500 23.1700 23.7100 28.3400 32.8300 34.2100 38.3400 54.6800 68.8600 69.3400 
7.3100 8.4200 9.8100 15.6500 16.6800 23.2700 24.1500 29.1400 33.3500 35.1300 39.2200 55.1300 68.9000 69.6500 
7.0500 8.3100 10.2100 15.7600 16.8500 23.6700 24.4700 30.0600 33.9500 35.8500 40.5400 56.1200 69.3900 70.2300 
7.4900 8.9600 10.2100 16.6200 16.9200 24.2000 25.5300 30.6600 34.9200 37.5200 41.5600 56.7400 69.5800 69.9700 
7.3900 8.9200 10.5000 16.2900 17.0800 24.1400 25.7100 31.0200 34.9000 37.7700 42.0100 56.7700 69.7100 69.7800 
7.5100 8.6500 10.1900 16.9300 17.8500 24.3100 26.2900 32.0400 35.7400 38.8200 43.4700 58.1000 70.3600 70.2100 
7.7700 9.3800 10.6300 16.8600 17.5500 24.5800 26.5700 32.3200 36.4500 39.0500 43.5400 58.0200 70.2700 70.1200 
7.6500 9.2400 10.9100 16.8700 17.6400 24.8400 27.0700 32.9200 37.2700 39.8400 44.1500 58.6200 70.6400 70.4000 
7.6300 9.7000 11.0200 17.5100 18.1900 24.9900 27.3500 32.8600 37.5300 40.3300 45.1400 59.0200 70.2900 70.4000 
7.5500 9.1900 10.8100 17.3000 18.3400 25.5200 27.9200 33.8500 38.1300 41.3600 46.1000 59.9100 70.9400 70.4700 
7.9100 9.3900 11.5200 17.3800 18.5600 25.7700 28.0800 33.9000 38.7000 41.3300 45.8200 59.7300 70.8900 70.4300 
8.1600 9.3500 11.2400 17.5900 18.5300 25.3900 28.3300 34.5500 39.5700 42.4900 47.1700 60.2200 70.9500 70.4700 
8.1400 9.2800 11.4300 17.2200 18.5600 26.2300 28.5500 35.0400 39.7500 43.1200 47.6900 60.7300 70.9200 70.2600 
7.9800 9.4500 11.9200 17.3900 18.8100 25.6200 28.6200 35.2300 40.0400 43.0800 47.7300 60.6400 71.0800 70.7400 
7.9600 9.5500 11.8500 18.0400 19.0100 26.1400 29.1800 36.3500 41.3200 44.4200 48.9100 61.3300 71.1000 70.7100 
7.8400 9.4400 11.8900 18.0600 19.1900 26.7300 29.6600 36.4900 41.1000 44.1800 49.1300 61.6000 71.2500 70.4300 
8.1300 9.7600 12.4600 18.4100 19.4100 26.5600 30.1900 36.4700 41.8800 45.2700 49.7300 61.9500 71.4300 70.6900 
7.8000 10.0300 12.6000 18.2100 19.5800 27.1600 30.8400 37.5200 42.2200 45.1700 50.1000 62.1600 71.7400 71.1200 
7.9600 9.7800 12.5000 18.3600 19.2700 27.0600 30.9100 37.5600 42.4200 45.6900 50.0600 62.4500 71.4400 70.5900 
7.9100 10.0500 12.7500 18.3800 19.8400 27.0800 31.3400 37.7500 43.1400 45.9900 50.9100 62.6600 71.1100 70.2600 
8.0400 9.6200 12.5700 18.0100 19.2900 27.3200 30.9500 38.5500 43.3300 46.5600 51.5100 62.4200 71.0700 70.5900 
8.1300 9.4400 12.7200 18.2300 19.6100 27.0700 31.4000 38.6900 43.6900 46.9500 52.0900 62.9900 71.3900 70.7600 
8.1900 10.0700 13.0600 18.1300 19.3800 27.2300 31.1700 38.1700 43.2300 46.3500 51.7300 62.6900 70.7000 70.4600 
8.2600 9.7600 12.6500 18.3300 20.0300 27.2600 31.6500 38.9000 44.7100 47.8100 52.6700 63.3300 71.6300 70.7600 
8.4800 10.2300 13.1400 18.9400 20.2900 28.2200 32.8500 40.1000 45.2400 48.4000 53.4700 63.6100 71.8100 70.6700 
8.1800 10.1100 13.3500 19.1900 20.4600 28.1900 32.5800 40.1000 45.8600 48.9900 53.7400 63.6800 71.4500 70.6100 
8.1900 10.0600 13.1800 19.0200 20.6300 28.4300 33.2300 40.5700 46.5100 49.5000 53.9700 64.3000 71.6900 70.7400 
8.3000 10.1300 13.0900 19.0800 20.5500 28.0500 33.0600 40.6400 46.6000 49.9000 54.2300 64.0500 71.5800 70.9300 
8.3600 10.2700 13.2700 19.1200 20.6100 28.4400 33.5900 41.3600 46.7100 50.0700 54.6700 64.8200 71.6100 70.8200 
8.6400 10.2100 13.3200 19.1300 20.8100 28.7100 33.7200 41.3800 47.5400 50.6900 55.2900 64.7500 71.6300 71.1100 
8.2700 10.3500 13.5300 19.4800 21.2200 28.9100 34.3500 41.9400 47.6800 50.5600 55.4000 64.8400 72.1300 71.0200 
8.4500 10.6100 13.5900 19.2400 20.9400 28.7800 34.0100 42.0000 47.6900 50.8800 55.4100 64.7300 71.7100 70.5000 
8.5200 10.6000 13.7000 19.2500 21.3100 29.1000 34.7900 42.0100 47.8000 51.1900 55.8900 65.1900 72.0600 70.8700 
8.6200 10.4000 13.8400 19.7800 21.4400 29.5200 34.8500 42.3200 47.7400 51.3300 56.1800 65.3800 71.6000 70.5700 
8.6400 10.5300 13.6200 19.8000 21.1000 29.2600 34.7400 42.7300 48.5800 51.5100 56.1500 65.4600 71.5800 71.0200 
8.4900 10.7100 14.2100 19.9500 21.3900 29.8100 34.9400 43.1000 49.1200 51.9200 56.9200 65.5100 71.7900 70.9200 
8.8100 10.7100 14.1600 20.0700 21.7000 29.6200 35.5200 43.2700 49.0700 52.3000 56.8900 65.4700 71.6300 71.1900 
8.6300 10.8800 14.5400 20.0800 21.6600 29.7000 35.3300 43.4600 49.1100 52.6700 57.4200 65.9700 71.7000 71.1700 
8.5600 10.6600 14.2000 20.3100 21.8800 29.8400 35.7200 44.2200 50.1800 53.4700 57.8000 66.0500 71.6100 70.9600 
8.3400 10.6000 14.3300 19.8200 21.7600 29.8900 35.4400 43.6300 49.7200 53.0300 57.4900 66.0100 71.7900 71.0300 
8.6400 10.6000 14.3100 20.1600 21.9400 30.3400 36.2700 44.3800 50.3000 53.8800 58.1500 66.3500 71.8400 71.1300 
8.5800 10.7600 13.9700 19.7100 21.5900 29.8000 36.1500 44.5900 50.1200 53.2900 58.3000 66.2700 71.6200 70.9200 
8.8500 11.1000 14.8400 20.5200 22.3300 30.3500 36.8000 45.2700 50.8400 53.7900 58.1900 66.3600 71.9400 70.7300 
8.7000 10.9700 14.5700 20.3500 22.1800 30.6000 36.9400 44.9800 50.6100 54.6700 58.6100 66.6900 72.0200 71.0400 
8.9000 10.9300 14.5600 20.3600 22.1700 30.8700 37.1400 45.8100 51.3000 54.8500 59.2100 66.8800 72.1800 71.0800 
8.8300 10.9500 14.6900 20.6700 22.3300 30.9200 36.9700 45.0800 50.5100 54.2500 58.9500 66.8600 71.7500 70.9400 
9.1000 10.8700 14.9100 20.5900 22.5400 31.3700 37.4300 45.4200 51.4800 55.2900 59.2100 66.7300 71.8100 71.4900 
9.0900 11.0400 14.8600 20.6500 22.6900 31.0100 37.4900 45.5300 51.0500 55.0800 59.1000 66.4800 71.5200 70.7500 
8.9100 10.9400 14.8700 20.8100 22.5200 30.8500 37.5800 46.1100 51.7400 55.6700 59.5100 66.7200 71.9000 71.0800 
8.8500 10.6300 14.7800 20.3800 22.4600 30.9700 37.6900 45.9200 51.9200 55.4900 59.5400 66.7000 71.3800 70.7800 
8.8000 11.0000 14.8200 20.8200 22.6000 31.3100 37.6800 46.4700 52.3600 55.6700 59.8600 67.0000 71.6600 71.0500 
9.1900 10.9400 14.5900 20.7000 22.6900 30.9500 38.0100 46.2700 52.5200 55.9500 59.7300 67.0400 71.4100 70.7400 
9.0100 11.1100 14.8600 20.5200 23.1800 31.8200 38.2400 46.4000 52.2500 55.9300 59.9900 66.8800 71.2900 70.2100 
8.9200 11.4800 15.2100 21.2000 23.3600 32.1900 38.9000 46.6500 53.0500 56.1900 60.2200 67.2500 71.8700 71.0800 
8.8800 10.6800 14.8600 20.7800 22.9800 31.7100 38.3000 47.0900 53.0400 56.5400 60.5000 67.5400 71.6100 71.2100 
9.2100 11.5000 15.0400 21.2700 23.0500 32.2200 38.8800 47.2900 52.7700 56.2200 60.7700 67.2700 71.7400 70.6800 
8.9100 11.5900 15.3100 21.2000 23.2900 31.7500 38.7900 47.4500 53.3600 56.6400 60.9700 67.4500 71.4100 71.1000 
9.0900 11.1100 14.7900 20.4400 22.7400 31.8400 38.8300 47.2800 53.4200 56.8200 61.0000 67.7300 71.5000 71.1300 
9.2000 11.4000 14.9700 20.8100 23.0800 31.6800 38.5700 47.4300 53.0700 56.6100 60.1000 66.9600 71.0300 70.6500 
8.9900 11.3200 15.3300 21.1800 23.3900 32.6100 39.3800 47.7000 53.2000 56.7800 60.8200 67.0200 71.1500 70.6600 
9.3600 11.1300 15.1900 21.2000 23.4900 32.7000 39.3400 48.0000 54.0200 57.3500 61.4300 67.7100 71.1200 70.7100 
9.3500 11.6800 15.1500 21.2500 23.4700 32.1300 39.0400 47.1600 53.1000 56.8800 61.3800 67.6300 71.2200 70.3800 
9.1300 11.5800 15.4700 21.4800 23.4900 32.7500 39.4000 47.6600 53.8000 57.2100 61.2400 67.5500 71.4800 70.9300 
9.2200 11.5200 15.6800 21.6900 24.0800 32.8300 40.2600 48.7800 54.6100 57.7000 61.7300 67.6200 71.0900 70.8200 
9.0000 11.9000 15.5800 21.6000 23.6200 32.5300 40.0500 48.1600 53.7900 57.7700 61.4600 67.9600 71.1200 70.5600 
9.1600 11.6400 15.5100 21.7200 24.2200 32.6600 40.2400 48.7500 54.7500 57.8300 61.8000 67.6600 71.1400 70.3200 
9.3000 11.5300 15.3600 21.4700 23.7800 32.8500 40.4000 48.9000 54.4600 58.2000 62.1500 67.9000 70.9800 70.4300 
9.1600 11.5100 15.7300 21.6500 24.0400 32.8000 40.6400 49.0000 54.8100 58.0600 61.9500 67.7600 70.6000 70.4900 
9.1400 11.4800 15.6500 21.8100 23.9300 33.5900 40.5400 49.0700 54.4800 58.4200 62.1500 68.1800 71.0400 70.5800 
9.3600 11.7600 15.8200 21.9100 24.1000 33.5500 40.5900 49.1400 54.8300 58.5100 62.1800 67.8700 71.1600 70.4100 
9.3100 12.0000 15.6700 22.0500 24.1200 33.5200 41.2100 49.4200 55.1000 58.7100 62.6500 67.3700 71.0300 70.0900 
9.3300 11.7900 15.7600 22.0000 24.2700 33.4600 40.9500 49.8900 55.3000 58.7200 62.3800 67.6200 70.9300 70.1000 
9.2700 12.0100 15.7300 21.6400 23.9600 33.4300 41.2000 49.8400 55.6200 59.2800 62.4000 68.0400 70.9200 70.4300 
9.2000 11.4200 15.8300 21.8300 24.1600 33.3900 40.6600 49.5000 55.4100 58.8000 62.6700 67.7500 70.9800 69.8600 
9.5500 11.6300 15.7300 21.7800 24.3100 33.8900 41.6800 49.8900 55.9100 59.1300 62.3900 68.1700 70.6600 70.0900 
9.3100 11.9200 16.0600 21.6200 24.0600 33.0600 40.8800 49.3100 54.7300 58.4400 62.1700 67.5200 69.8900 69.4400 
9.3500 11.8800 16.2900 22.0700 24.6200 33.6500 41.5600 50.2800 56.0900 59.6200 63.1300 68.1500 70.6700 70.1900 
9.6100 11.9500 15.9100 21.9400 24.2400 33.9700 41.5300 50.6900 55.7100 59.3500 62.8200 67.9500 70.4800 70.4000 
9.4500 11.7200 16.1500 22.2000 24.6100 33.9300 41.5300 50.3500 56.2200 59.6600 62.9100 68.0100 70.6900 70.3600 
