0.0108 0.0091 0.0145 0.0103 0.0111 0.0074 0.0086 0.0109 0.0164 0.0134 0.0448 0.3286 
0.0148 0.0103 0.0152 0.0170 0.0191 0.0154 0.0128 0.0124 0.0366 0.0214 0.1103 0.4055 
0.0171 0.0126 0.0186 0.0222 0.0272 0.0237 0.0187 0.0147 0.0707 0.0360 0.1743 0.4443 
0.0185 0.0142 0.0205 0.0276 0.0346 0.0337 0.0260 0.0180 0.1116 0.0552 0.2223 0.4595 
0.0269 0.0163 0.0229 0.0419 0.0464 0.0433 0.0374 0.0218 0.1525 0.0826 0.2618 0.4705 
0.0283 0.0203 0.0244 0.0503 0.0574 0.0574 0.0481 0.0259 0.1868 0.1124 0.2881 0.4826 
0.0291 0.0214 0.0266 0.0576 0.0718 0.0698 0.0590 0.0298 0.2140 0.1406 0.3074 0.4872 
0.0357 0.0252 0.0284 0.0689 0.0851 0.0836 0.0693 0.0329 0.2418 0.1670 0.3295 0.4915 
0.0390 0.0255 0.0287 0.0737 0.0977 0.0967 0.0773 0.0363 0.2613 0.1910 0.3435 0.4974 
0.0432 0.0275 0.0306 0.0803 0.1108 0.1085 0.0861 0.0414 0.2771 0.2136 0.3556 0.5001 
