95.2800 95.5300 95.4600 90.1200 92.3200 92.7900 90.4300 80.4000 83.4200 82.5400 81.9100 75.7000 72.9900 44.0100 41.2800 37.4500 43.9500 
93.5700 93.9200 93.3800 86.4600 87.8700 89.2600 84.5400 74.0600 74.6700 71.8200 69.3100 61.8200 54.7600 35.5100 31.9500 29.5500 33.5100 
92.5200 92.2900 91.4100 83.9200 85.2300 85.9800 80.6600 70.5200 69.8500 66.9300 62.8300 53.8900 47.2500 32.3200 29.3100 27.6000 29.6500 
91.6800 91.4400 89.8400 83.5300 83.9500 84.1800 78.6500 68.3700 67.4000 62.2500 58.6600 49.6700 43.6700 32.5800 28.8300 28.1500 29.2800 
90.7300 90.0500 88.8000 81.0400 81.1900 81.5500 75.3200 64.5400 63.5600 58.1300 53.7100 45.5100 40.7100 30.6100 27.8000 26.9800 27.8600 
90.3800 89.0000 88.3700 80.1200 79.7800 80.0000 73.7700 63.3700 61.2200 55.2200 50.5000 42.0500 36.8800 28.0800 25.8400 24.9100 25.4100 
89.2200 88.5600 87.2200 78.9600 78.5800 78.3100 71.3700 61.1500 57.8000 52.2000 47.9700 39.0400 34.6900 27.3500 24.8300 24.4400 25.0800 
89.0100 88.1100 86.3800 78.9000 78.3800 77.8200 70.0200 60.0600 56.8800 50.3000 45.8800 37.6500 33.6900 26.9900 24.9400 24.2000 25.2600 
88.1200 87.6700 86.3400 78.1100 77.1500 77.0300 69.5100 58.8000 55.1300 49.5500 44.9200 36.8300 33.0100 27.0900 25.5300 24.5700 25.6700 
88.2900 86.3600 84.8900 76.3500 75.3800 75.8900 67.7900 57.5300 53.8600 47.7100 42.8900 35.3800 31.4200 26.2300 24.2700 23.9300 24.3900 
87.5900 86.2000 84.6400 76.6600 75.0500 74.2400 66.0700 56.2800 51.6500 45.8000 40.7400 33.6300 30.5100 25.7100 24.0100 24.4000 25.1000 
87.3000 86.5800 84.1300 75.6300 73.9000 73.2700 65.3800 55.2800 51.0800 45.1900 40.1400 33.5700 30.2500 25.7700 24.9400 24.6500 25.0900 
87.1300 85.4700 83.4600 75.6400 73.9000 72.8700 64.8000 55.3900 50.2600 44.2500 39.8800 33.6900 30.6000 27.2200 25.7600 25.3500 25.7700 
86.4700 84.4900 83.1100 73.8500 72.3500 71.4000 63.1200 53.2400 48.9500 42.8900 38.2000 32.1800 29.2100 25.6900 24.6900 24.3700 24.5800 
86.8800 84.3100 82.5600 74.2200 71.6000 70.0900 62.9000 54.1800 48.8000 42.8600 38.2300 32.9000 30.3400 27.3900 26.1700 26.3500 26.6700 
86.8000 84.9300 83.0700 74.2100 71.1300 69.3600 61.9300 51.7300 46.4100 41.0000 36.5800 30.9200 28.4400 25.4900 24.0800 24.5400 24.6100 
86.2900 84.0600 82.0400 73.5300 70.8800 69.7200 61.9700 52.7600 47.1900 41.6900 37.0100 31.8600 29.6500 26.5100 25.4800 25.5500 25.6200 
86.4900 83.9100 81.5700 73.8900 70.6800 68.5300 61.0600 51.8800 46.1600 40.7600 36.2700 31.0800 29.3500 26.6100 25.6700 25.7200 26.2200 
85.8500 83.0000 80.6500 72.4900 69.2400 67.6700 60.0900 50.4900 45.1400 39.5800 35.2700 30.3900 28.9300 26.1800 25.7000 25.4800 25.9700 
86.5300 83.8800 81.5100 72.2700 69.2800 66.7000 59.3200 49.6500 44.1600 39.1700 34.7500 30.2000 28.2400 25.8500 25.1800 25.2700 25.4800 
85.5300 82.6600 80.4700 72.2200 68.0400 66.6700 58.6700 49.9700 44.5500 38.9700 34.9200 30.2900 28.9500 27.0000 25.7300 26.1700 26.3500 
84.9000 81.8900 80.2400 70.6400 67.9900 65.2700 58.1400 49.9000 44.2200 39.6400 35.1000 31.3400 30.0600 28.4500 27.0700 26.9100 27.2900 
85.4700 82.2800 79.8800 71.6700 68.4100 65.5000 58.1700 49.6300 43.9000 38.4500 34.6800 30.9700 29.0700 27.0300 26.3000 26.1000 26.4200 
85.8200 82.6300 80.1100 70.7600 67.3500 64.5100 57.7800 49.1200 44.0200 39.0800 35.3400 31.6700 30.2300 28.0900 27.3700 27.4400 27.4100 
84.8600 81.9500 80.1000 70.7800 66.4500 63.8800 56.0500 47.9100 42.1800 37.4500 33.5800 30.6300 30.1400 27.8100 27.0800 26.8100 26.9900 
84.3900 81.2800 79.5500 70.5200 66.3900 63.7400 56.1500 47.4000 41.9600 38.0800 34.4200 30.9500 30.1000 28.0200 27.3800 27.3000 27.5900 
85.4000 81.9900 79.9900 71.1100 66.1600 63.2100 55.7600 47.6700 41.6100 37.4600 33.8700 30.2400 29.2600 27.7700 26.3400 26.4100 26.4800 
84.5500 81.2800 79.1600 69.8200 66.0500 63.6200 56.5200 48.2700 41.7600 37.7300 33.7200 30.6400 29.7500 27.4200 26.8100 26.2600 27.0700 
85.1600 81.1300 79.0600 69.5600 65.8300 62.8200 55.9000 47.5600 41.2000 37.0600 34.0600 31.6200 29.8900 28.1300 27.5800 27.6500 27.9300 
83.7800 80.3100 78.3600 68.4100 63.7700 61.2000 54.9100 46.9700 40.8900 36.1600 33.3200 30.5100 29.1400 27.6600 26.1800 26.1400 26.5400 
84.4800 79.8800 78.1400 68.0700 64.1100 60.5200 53.7000 45.1500 39.3300 35.5400 32.9500 30.0500 29.4600 27.3700 26.8300 26.3800 26.9000 
84.1900 80.2500 77.8800 68.8500 63.9200 60.4500 53.4200 44.9100 38.2500 34.9300 32.0900 30.1600 28.7500 27.3200 26.6000 27.0000 26.5800 
84.5300 82.8300 79.9600 69.9600 65.5500 61.9200 54.9800 46.4100 41.3600 37.0300 34.2400 31.7300 30.4200 28.6300 27.6300 27.7900 28.0600 
83.7000 79.4300 77.1200 68.4400 63.6500 60.5100 54.3700 46.3200 39.4400 36.3000 33.3200 31.2100 30.7500 29.4000 29.1300 29.1800 29.1600 
84.1500 80.7400 77.5100 68.5900 63.1700 59.8400 52.9400 44.8700 38.8300 36.0600 33.8700 31.6900 30.7600 29.0300 28.1300 28.2100 28.3300 
83.9900 80.6500 77.2900 67.7700 62.6300 58.8700 52.2700 45.2000 38.7300 35.4500 33.0900 30.7200 29.7900 28.4700 27.3800 27.8500 27.5500 
83.8800 79.6800 76.7200 66.9500 62.2100 58.7900 52.1700 43.6400 38.1600 33.9900 31.9000 29.5400 28.9400 27.8100 27.0400 26.9400 27.0200 
83.2800 79.1500 76.5900 66.5300 61.3000 58.2400 51.0200 43.4500 37.2600 34.4200 32.0900 30.6800 29.7900 28.2500 27.3600 27.3000 27.5800 
84.3900 79.8700 76.3800 66.9900 61.4200 57.9000 52.2600 46.1100 39.7100 36.3900 34.4200 32.3600 31.4500 30.2100 29.2300 29.0500 29.0200 
83.4300 79.2600 77.0700 67.0600 61.7100 58.7200 51.8200 45.6600 39.6100 37.4100 35.1400 33.3400 32.6500 31.2400 30.4800 30.7800 30.6200 
82.9600 78.1200 75.5300 65.8200 60.3100 57.1000 50.8400 43.8600 37.6100 34.2000 32.0300 30.4400 29.7500 28.2700 27.6300 27.5700 28.0700 
83.1500 79.0700 76.4700 66.5000 60.8400 57.6400 50.8100 43.5700 37.5200 33.9500 31.6200 29.3800 28.5100 27.8800 27.1700 27.2200 27.1600 
83.6000 79.1200 75.3100 65.6400 60.1900 57.0600 50.0400 42.9800 36.8000 34.2600 32.4500 30.6100 29.5800 28.3400 27.7500 27.5400 27.4700 
82.5700 77.8300 75.6500 65.8700 60.0800 56.4300 50.7900 43.7700 37.3800 35.8000 33.6800 32.1000 30.7500 29.5400 28.4500 28.5400 28.7600 
82.8900 78.8000 75.9800 66.2500 60.0400 55.9500 49.5900 42.1900 36.5100 33.6000 31.5800 30.1200 29.5500 28.2600 27.5100 27.6100 27.7500 
83.7100 78.9400 74.9800 64.9200 59.8100 55.9100 49.8800 43.2300 37.1100 33.7700 32.1600 30.3200 29.2200 27.7400 27.2200 26.8900 27.4000 
84.0800 80.1300 75.7500 66.4000 60.7200 57.2300 50.5900 43.3300 37.5300 36.0000 33.7700 32.0800 31.0600 29.5300 28.4000 28.5100 28.5000 
82.2000 77.3000 74.8900 65.0700 58.8600 54.7700 47.6600 40.6800 35.1400 32.9700 30.9300 29.1300 28.7100 27.1700 26.7900 26.7700 26.7900 
82.4000 77.0300 73.8300 64.2100 59.6400 56.8100 51.8300 46.4100 40.4100 37.0100 35.1300 32.8900 32.0400 30.5300 29.4900 29.4600 29.3700 
82.9600 78.6400 74.9500 64.9700 59.7700 55.8900 49.3400 43.3100 37.8000 35.5500 33.5600 31.9600 30.9600 29.8700 29.3100 29.4500 29.5500 
81.8800 77.0400 74.0600 63.4900 58.5800 54.3900 48.6900 41.9600 36.0400 33.2600 31.9000 30.7500 29.7900 28.4100 28.2200 28.0900 27.9900 
82.6300 76.7400 74.3800 64.3600 59.3100 55.4500 49.6900 43.4100 40.0500 37.3800 35.0500 33.4000 32.2300 30.2600 29.7900 29.9500 30.0200 
82.2100 79.2900 75.9900 65.8700 58.7800 54.1700 48.4500 43.2700 38.4200 36.4400 34.1300 31.8800 31.5400 29.7800 29.3700 28.8000 28.9000 
81.6700 76.3600 73.4800 62.9800 57.3500 53.4600 47.4400 41.1700 36.4800 34.8500 33.2900 31.3000 30.7200 29.3300 28.3700 28.3700 28.4700 
80.7600 75.4200 72.3600 61.4600 55.5600 51.5900 45.3800 38.0000 32.4700 30.3000 28.8600 27.3600 26.8700 26.0100 25.1200 25.1000 25.6800 
81.0100 75.3400 72.7200 61.7700 55.7400 51.7100 45.6200 37.7800 32.1100 30.1600 28.6600 27.2500 26.6100 25.9700 25.1500 25.1000 25.2100 
80.7400 75.1700 72.4200 61.4100 55.4500 51.4100 45.4600 37.9500 32.3800 30.0300 29.0500 27.3800 26.8400 26.1400 25.2500 25.4200 25.5500 
80.5500 75.3100 72.3500 61.5200 55.7000 51.4000 45.6500 37.9000 32.1500 30.1000 28.9300 27.4600 26.7700 25.9800 25.3100 25.3100 25.5600 
80.8500 75.1400 72.2400 61.3000 55.4000 51.1300 45.4000 37.7700 32.3200 30.4600 29.0400 27.1800 26.5700 25.7900 25.2000 25.4600 25.4600 
80.8600 75.1500 72.3900 61.0700 55.5100 51.4000 45.4000 37.7800 32.3600 30.1500 29.0800 27.5800 26.8600 25.9700 25.3400 25.6500 25.8300 
80.7100 75.3100 72.4000 61.1300 55.6100 51.0400 45.3100 37.6400 32.3900 30.2300 28.9300 27.3000 26.9100 25.9700 25.1600 25.2900 25.4100 
80.7700 75.2300 72.0800 61.0800 55.5600 51.3900 45.3700 37.4300 32.2900 30.1500 28.6200 27.4300 26.8100 25.8100 25.1400 25.4400 25.4400 
80.6100 75.1400 72.1200 61.0600 55.5500 51.0900 45.2400 37.5600 32.2100 30.0500 28.8200 27.2400 26.7300 25.8700 25.1200 25.5800 25.5400 
80.4800 75.0900 72.0900 61.1000 55.5100 51.1800 45.3000 37.4900 32.0700 30.0100 28.6800 27.3500 26.8400 25.6600 25.1200 25.3600 25.5100 
80.6400 75.1800 72.1200 61.0800 55.4600 51.1400 45.3300 37.5300 32.1300 30.1400 28.8400 27.3100 26.8500 25.8700 24.9200 25.4500 25.5500 
80.7300 75.1100 72.0600 61.0600 55.4200 51.0700 45.3800 37.4000 32.0500 30.1600 28.8400 27.2100 26.9100 25.8700 25.1500 25.3800 25.4200 
