4.7200 4.4700 4.5400 9.8800 7.6800 7.2100 9.5700 19.6000 16.5800 17.4600 18.0900 24.3000 27.0100 55.9900 58.7200 62.5500 56.0500 
6.4300 6.0800 6.6200 13.5400 12.1300 10.7400 15.4600 25.9400 25.3300 28.1800 30.6900 38.1800 45.2400 64.4900 68.0500 70.4500 66.4900 
7.4800 7.7100 8.5900 16.0800 14.7700 14.0200 19.3400 29.4800 30.1500 33.0700 37.1700 46.1100 52.7500 67.6800 70.6900 72.4000 70.3500 
8.3200 8.5600 10.1600 16.4700 16.0500 15.8200 21.3500 31.6300 32.6000 37.7500 41.3400 50.3300 56.3300 67.4200 71.1700 71.8500 70.7200 
9.2700 9.9500 11.2000 18.9600 18.8100 18.4500 24.6800 35.4600 36.4400 41.8700 46.2900 54.4900 59.2900 69.3900 72.2000 73.0200 72.1400 
9.6200 11.0000 11.6300 19.8800 20.2200 20.0000 26.2300 36.6300 38.7800 44.7800 49.5000 57.9500 63.1200 71.9200 74.1600 75.0900 74.5900 
10.7800 11.4400 12.7800 21.0400 21.4200 21.6900 28.6300 38.8500 42.2000 47.8000 52.0300 60.9600 65.3100 72.6500 75.1700 75.5600 74.9200 
10.9900 11.8900 13.6200 21.1000 21.6200 22.1800 29.9800 39.9400 43.1200 49.7000 54.1200 62.3500 66.3100 73.0100 75.0600 75.8000 74.7400 
11.8800 12.3300 13.6600 21.8900 22.8500 22.9700 30.4900 41.2000 44.8700 50.4500 55.0800 63.1700 66.9900 72.9100 74.4700 75.4300 74.3300 
11.7100 13.6400 15.1100 23.6500 24.6200 24.1100 32.2100 42.4700 46.1400 52.2900 57.1100 64.6200 68.5800 73.7700 75.7300 76.0700 75.6100 
12.4100 13.8000 15.3600 23.3400 24.9500 25.7600 33.9300 43.7200 48.3500 54.2000 59.2600 66.3700 69.4900 74.2900 75.9900 75.6000 74.9000 
12.7000 13.4200 15.8700 24.3700 26.1000 26.7300 34.6200 44.7200 48.9200 54.8100 59.8600 66.4300 69.7500 74.2300 75.0600 75.3500 74.9100 
12.8700 14.5300 16.5400 24.3600 26.1000 27.1300 35.2000 44.6100 49.7400 55.7500 60.1200 66.3100 69.4000 72.7800 74.2400 74.6500 74.2300 
13.5300 15.5100 16.8900 26.1500 27.6500 28.6000 36.8800 46.7600 51.0500 57.1100 61.8000 67.8200 70.7900 74.3100 75.3100 75.6300 75.4200 
13.1200 15.6900 17.4400 25.7800 28.4000 29.9100 37.1000 45.8200 51.2000 57.1400 61.7700 67.1000 69.6600 72.6100 73.8300 73.6500 73.3300 
13.2000 15.0700 16.9300 25.7900 28.8700 30.6400 38.0700 48.2700 53.5900 59.0000 63.4200 69.0800 71.5600 74.5100 75.9200 75.4600 75.3900 
13.7100 15.9400 17.9600 26.4700 29.1200 30.2800 38.0300 47.2400 52.8100 58.3100 62.9900 68.1400 70.3500 73.4900 74.5200 74.4500 74.3800 
13.5100 16.0900 18.4300 26.1100 29.3200 31.4700 38.9400 48.1200 53.8400 59.2400 63.7300 68.9200 70.6500 73.3900 74.3300 74.2800 73.7800 
14.1500 17.0000 19.3500 27.5100 30.7600 32.3300 39.9100 49.5100 54.8600 60.4200 64.7300 69.6100 71.0700 73.8200 74.3000 74.5200 74.0300 
13.4700 16.1200 18.4900 27.7300 30.7200 33.3000 40.6800 50.3500 55.8400 60.8300 65.2500 69.8000 71.7600 74.1500 74.8200 74.7300 74.5200 
14.4700 17.3400 19.5300 27.7800 31.9600 33.3300 41.3300 50.0300 55.4500 61.0300 65.0800 69.7100 71.0500 73.0000 74.2700 73.8300 73.6500 
15.1000 18.1100 19.7600 29.3600 32.0100 34.7300 41.8600 50.1000 55.7800 60.3600 64.9000 68.6600 69.9400 71.5500 72.9300 73.0900 72.7100 
14.5300 17.7200 20.1200 28.3300 31.5900 34.5000 41.8300 50.3700 56.1000 61.5500 65.3200 69.0300 70.9300 72.9700 73.7000 73.9000 73.5800 
14.1800 17.3700 19.8900 29.2400 32.6500 35.4900 42.2200 50.8800 55.9800 60.9200 64.6600 68.3300 69.7700 71.9100 72.6300 72.5600 72.5900 
15.1400 18.0500 19.9000 29.2200 33.5500 36.1200 43.9500 52.0900 57.8200 62.5500 66.4200 69.3700 69.8600 72.1900 72.9200 73.1900 73.0100 
15.6100 18.7200 20.4500 29.4800 33.6100 36.2600 43.8500 52.6000 58.0400 61.9200 65.5800 69.0500 69.9000 71.9800 72.6200 72.7000 72.4100 
14.6000 18.0100 20.0100 28.8900 33.8400 36.7900 44.2400 52.3300 58.3900 62.5400 66.1300 69.7600 70.7400 72.2300 73.6600 73.5900 73.5200 
15.4500 18.7200 20.8400 30.1800 33.9500 36.3800 43.4800 51.7300 58.2400 62.2700 66.2800 69.3600 70.2500 72.5800 73.1900 73.7400 72.9300 
14.8400 18.8700 20.9400 30.4400 34.1700 37.1800 44.1000 52.4400 58.8000 62.9400 65.9400 68.3800 70.1100 71.8700 72.4200 72.3500 72.0700 
16.2200 19.6900 21.6400 31.5900 36.2300 38.8000 45.0900 53.0300 59.1100 63.8400 66.6800 69.4900 70.8600 72.3400 73.8200 73.8600 73.4600 
15.5200 20.1200 21.8600 31.9300 35.8900 39.4800 46.3000 54.8500 60.6700 64.4600 67.0500 69.9500 70.5400 72.6300 73.1700 73.6200 73.1000 
15.8100 19.7500 22.1200 31.1500 36.0800 39.5500 46.5800 55.0900 61.7500 65.0700 67.9100 69.8400 71.2500 72.6800 73.4000 73.0000 73.4200 
15.4700 17.1700 20.0400 30.0400 34.4500 38.0800 45.0200 53.5900 58.6400 62.9700 65.7600 68.2700 69.5800 71.3700 72.3700 72.2100 71.9400 
16.3000 20.5700 22.8800 31.5600 36.3500 39.4900 45.6300 53.6800 60.5600 63.7000 66.6800 68.7900 69.2500 70.6000 70.8700 70.8200 70.8400 
15.8500 19.2600 22.4900 31.4100 36.8300 40.1600 47.0600 55.1300 61.1700 63.9400 66.1300 68.3100 69.2400 70.9700 71.8700 71.7900 71.6700 
16.0100 19.3500 22.7100 32.2300 37.3700 41.1300 47.7300 54.8000 61.2700 64.5500 66.9100 69.2800 70.2100 71.5300 72.6200 72.1500 72.4500 
16.1200 20.3200 23.2800 33.0500 37.7900 41.2100 47.8300 56.3600 61.8400 66.0100 68.1000 70.4600 71.0600 72.1900 72.9600 73.0600 72.9800 
16.7200 20.8500 23.4100 33.4700 38.7000 41.7600 48.9800 56.5500 62.7400 65.5800 67.9100 69.3200 70.2100 71.7500 72.6400 72.7000 72.4200 
15.6100 20.1300 23.6200 33.0100 38.5800 42.1000 47.7400 53.8900 60.2900 63.6100 65.5800 67.6400 68.5500 69.7900 70.7700 70.9500 70.9800 
16.5700 20.7400 22.9300 32.9400 38.2900 41.2800 48.1800 54.3400 60.3900 62.5900 64.8600 66.6600 67.3500 68.7600 69.5200 69.2200 69.3800 
17.0400 21.8800 24.4700 34.1800 39.6900 42.9000 49.1600 56.1400 62.3900 65.8000 67.9700 69.5600 70.2500 71.7300 72.3700 72.4300 71.9300 
16.8500 20.9300 23.5300 33.5000 39.1600 42.3600 49.1900 56.4300 62.4800 66.0500 68.3800 70.6200 71.4900 72.1200 72.8300 72.7800 72.8400 
16.4000 20.8800 24.6900 34.3600 39.8100 42.9400 49.9600 57.0200 63.2000 65.7400 67.5500 69.3900 70.4200 71.6600 72.2500 72.4600 72.5300 
17.4300 22.1700 24.3500 34.1300 39.9200 43.5700 49.2100 56.2300 62.6200 64.2000 66.3200 67.9000 69.2500 70.4600 71.5500 71.4600 71.2400 
17.1100 21.2000 24.0200 33.7500 39.9600 44.0500 50.4100 57.8100 63.4900 66.4000 68.4200 69.8800 70.4500 71.7400 72.4900 72.3900 72.2500 
16.2900 21.0600 25.0200 35.0800 40.1900 44.0900 50.1200 56.7700 62.8900 66.2300 67.8400 69.6800 70.7800 72.2600 72.7800 73.1100 72.6000 
15.9200 19.8700 24.2500 33.6000 39.2800 42.7700 49.4100 56.6700 62.4700 64.0000 66.2300 67.9200 68.9400 70.4700 71.6000 71.4900 71.5000 
17.8000 22.7000 25.1100 34.9300 41.1400 45.2300 52.3400 59.3200 64.8600 67.0300 69.0700 70.8700 71.2900 72.8300 73.2100 73.2300 73.2100 
17.6000 22.9700 26.1700 35.7900 40.3600 43.1900 48.1700 53.5900 59.5900 62.9900 64.8700 67.1100 67.9600 69.4700 70.5100 70.5400 70.6300 
17.0400 21.3600 25.0500 35.0300 40.2300 44.1100 50.6600 56.6900 62.2000 64.4500 66.4400 68.0400 69.0400 70.1300 70.6900 70.5500 70.4500 
18.1200 22.9600 25.9400 36.5100 41.4200 45.6100 51.3100 58.0400 63.9600 66.7400 68.1000 69.2500 70.2100 71.5900 71.7800 71.9100 72.0100 
17.3700 23.2600 25.6200 35.6400 40.6900 44.5500 50.3100 56.5900 59.9500 62.6200 64.9500 66.6000 67.7700 69.7400 70.2100 70.0500 69.9800 
17.7900 20.7100 24.0100 34.1300 41.2200 45.8300 51.5500 56.7300 61.5800 63.5600 65.8700 68.1200 68.4600 70.2200 70.6300 71.2000 71.1000 
18.3300 23.6400 26.5200 37.0200 42.6500 46.5400 52.5600 58.8300 63.5200 65.1500 66.7100 68.7000 69.2800 70.6700 71.6300 71.6300 71.5300 
19.2400 24.5800 27.6400 38.5400 44.4400 48.4100 54.6200 62.0000 67.5300 69.7000 71.1400 72.6400 73.1300 73.9900 74.8800 74.9000 74.3200 
18.9900 24.6600 27.2800 38.2300 44.2600 48.2900 54.3800 62.2200 67.8900 69.8400 71.3400 72.7500 73.3900 74.0300 74.8500 74.9000 74.7900 
19.2600 24.8300 27.5800 38.5900 44.5500 48.5900 54.5400 62.0500 67.6200 69.9700 70.9500 72.6200 73.1600 73.8600 74.7500 74.5800 74.4500 
19.4500 24.6900 27.6500 38.4800 44.3000 48.6000 54.3500 62.1000 67.8500 69.9000 71.0700 72.5400 73.2300 74.0200 74.6900 74.6900 74.4400 
19.1500 24.8600 27.7600 38.7000 44.6000 48.8700 54.6000 62.2300 67.6800 69.5400 70.9600 72.8200 73.4300 74.2100 74.8000 74.5400 74.5400 
19.1400 24.8500 27.6100 38.9300 44.4900 48.6000 54.6000 62.2200 67.6400 69.8500 70.9200 72.4200 73.1400 74.0300 74.6600 74.3500 74.1700 
19.2900 24.6900 27.6000 38.8700 44.3900 48.9600 54.6900 62.3600 67.6100 69.7700 71.0700 72.7000 73.0900 74.0300 74.8400 74.7100 74.5900 
19.2300 24.7700 27.9200 38.9200 44.4400 48.6100 54.6300 62.5700 67.7100 69.8500 71.3800 72.5700 73.1900 74.1900 74.8600 74.5600 74.5600 
19.3900 24.8600 27.8800 38.9400 44.4500 48.9100 54.7600 62.4400 67.7900 69.9500 71.1800 72.7600 73.2700 74.1300 74.8800 74.4200 74.4600 
19.5200 24.9100 27.9100 38.9000 44.4900 48.8200 54.7000 62.5100 67.9300 69.9900 71.3200 72.6500 73.1600 74.3400 74.8800 74.6400 74.4900 
19.3600 24.8200 27.8800 38.9200 44.5400 48.8600 54.6700 62.4700 67.8700 69.8600 71.1600 72.6900 73.1500 74.1300 75.0800 74.5500 74.4500 
19.2700 24.8900 27.9400 38.9400 44.5800 48.9300 54.6200 62.6000 67.9500 69.8400 71.1600 72.7900 73.0900 74.1300 74.8500 74.6200 74.5800 
