68.0100 68.6500 58.4800 56.6700 46.2500 47.9000 41.3900 39.5800 29.5300 24.3100 21.1300 18.6200 16.6700 19.6600 13.8100 14.3000 13.5200 
66.6500 62.2600 53.6700 47.3600 40.8000 37.9900 35.6600 31.9200 24.9300 20.3600 17.7500 16.3800 14.4900 13.7800 11.0900 10.6400 10.5900 
65.5200 58.7700 57.7400 48.7000 42.1500 39.6300 35.8100 32.7200 22.7500 17.8700 15.3400 12.4400 11.1000 12.2400 8.8900 8.7600 8.0500 
62.2200 54.6000 48.9000 40.8000 30.3600 29.7200 26.0300 23.6800 17.0700 14.3300 11.9400 11.0400 10.6500 12.6500 8.7000 8.6800 7.7400 
63.5700 51.7300 46.4700 39.8500 31.1000 30.9900 25.1400 22.1800 18.8300 15.6900 12.5700 10.8800 10.4700 9.9700 8.3200 8.0200 7.6900 
60.2400 49.3500 42.9100 34.0000 26.1400 25.2200 23.8500 22.6000 14.5500 12.9800 11.2300 9.3700 8.8300 9.4300 7.7700 7.4000 7.2200 
55.7700 46.4200 41.6800 32.5900 26.2600 22.7400 19.2900 18.2000 13.1700 11.6700 10.3700 8.8100 8.3900 7.8400 6.8300 6.6100 6.5300 
64.8100 50.5000 43.3000 40.1900 32.5700 31.3100 26.5900 26.5500 17.5000 15.6900 13.5000 12.2000 11.4700 12.6100 9.2200 8.9900 8.8800 
57.9600 52.2100 45.0700 34.3300 24.7400 23.6500 21.0300 19.5000 13.9500 11.0700 9.8200 8.5600 7.7800 7.8500 6.8900 6.8300 6.5700 
59.5400 47.2400 41.3900 36.9200 32.3900 29.2000 26.6800 24.3200 17.2900 15.3900 12.7600 11.3500 11.2900 11.5300 9.4600 8.9700 8.4200 
55.0000 47.4100 39.0000 31.0700 23.8900 21.1000 22.0900 21.5500 15.7300 13.4200 11.1900 9.5100 8.5600 8.5800 7.3700 7.5400 7.2000 
61.4100 41.6800 43.3000 33.7800 22.9900 20.5000 19.2600 18.9600 16.3900 14.3400 13.0600 12.4000 11.8200 12.6800 10.1900 10.1200 9.2300 
47.4800 34.2400 31.0300 24.6000 17.3300 15.4300 13.5900 12.1300 8.8500 7.8100 6.8500 6.5600 6.1000 5.8100 5.3000 5.1700 5.1100 
47.6100 33.9900 30.1100 23.7700 16.6600 15.0700 13.2000 11.8900 8.3900 7.6500 6.9100 6.4500 6.0100 5.7800 5.1600 5.0400 5.0900 
47.5800 33.9700 30.4300 23.7100 16.8900 15.1900 13.2500 12.0400 8.4900 7.5000 6.9400 6.4500 5.9600 5.6600 5.2500 5.0500 5.0400 
47.1600 33.6200 29.9200 23.7400 16.6000 14.5500 12.8500 11.7300 8.5200 7.5500 7.0500 6.3700 6.0300 5.6900 5.1500 4.9600 5.0600 
47.0400 33.1100 30.1100 23.7800 16.1400 14.6000 13.0400 11.6200 8.4500 7.4800 6.8200 6.3500 6.0700 5.5800 5.0900 4.9900 5.0500 
47.0200 33.3400 29.7500 23.6900 16.7200 15.0400 13.4200 11.9600 8.3400 7.6300 7.0700 6.3300 6.0000 5.5600 5.3300 5.0100 5.0500 
46.6600 33.1700 29.5000 23.3400 16.6300 14.7000 13.3300 11.9800 8.5900 7.4700 6.9600 6.4900 6.1200 5.6400 5.3300 5.1900 5.1600 
46.6200 34.2200 29.4600 22.9600 16.4600 14.6000 13.1900 11.9500 8.5900 7.7100 7.1100 6.5000 6.1900 5.7600 5.4300 5.2900 5.2800 
46.9700 33.5000 29.6800 23.2500 16.1100 14.6100 13.1000 11.7300 8.4800 7.7600 7.1700 6.5100 6.2000 5.6900 5.3800 5.3200 5.2900 
46.7800 33.5100 30.1900 23.2700 16.6400 14.6400 13.2200 12.0300 8.6900 7.8100 7.2400 6.4900 6.0200 5.7000 5.4500 5.2700 5.1800 
46.4000 34.3100 29.6600 23.2700 16.3900 14.6100 13.1300 11.6800 8.6900 7.7300 7.1700 6.6100 6.0800 5.7300 5.2200 5.0700 5.1300 
46.6200 32.8000 28.7200 22.7000 16.3600 14.6500 13.4500 11.9400 8.7100 7.6800 7.1600 6.5600 6.0300 5.7700 5.3600 5.1700 5.1600 
46.4500 32.5800 29.1200 23.0200 16.2100 14.7200 13.4300 11.8200 8.9900 7.9100 7.2900 6.7600 6.2200 6.0600 5.4600 5.4500 5.3400 
45.3900 32.0000 28.6000 22.5300 15.7400 14.3000 12.8100 11.5500 8.8100 7.9500 7.2500 6.5600 6.1600 5.9600 5.3700 5.2900 5.3100 
45.3400 31.9900 28.6500 22.4700 15.7300 14.1700 12.9100 11.6800 8.7300 7.8400 7.1400 6.5700 6.1100 5.8800 5.3300 5.2700 5.2200 
45.5400 31.9100 28.6100 22.4900 15.6500 14.2600 12.9600 11.6500 8.8000 7.9100 7.1400 6.6400 6.1600 5.8500 5.2900 5.2300 5.1800 
45.5900 32.1600 28.7400 22.5500 15.7100 14.3400 12.8700 11.6400 8.7400 7.8000 7.2100 6.5900 6.1200 5.9300 5.3600 5.3500 5.1700 
45.4800 32.0200 28.4900 22.4600 15.7100 14.2900 12.9400 11.5700 8.7400 7.8500 7.2300 6.6400 6.1600 5.9400 5.3000 5.3100 5.2200 
45.4600 32.0500 28.6900 22.3700 15.6200 14.2200 12.9900 11.6900 8.7000 7.8700 7.2500 6.5700 6.0700 5.8900 5.2700 5.2100 5.1900 
45.5100 32.1800 28.6800 22.5200 15.6900 14.2600 12.8900 11.5700 8.7600 7.8300 7.2800 6.5700 6.1700 5.8800 5.3700 5.3600 5.3100 
45.5100 31.9800 28.6300 22.7000 15.6700 14.2700 12.9200 11.5300 8.6800 7.9000 7.2000 6.5700 6.1100 5.8300 5.3100 5.2800 5.2700 
45.5100 32.0500 28.7000 22.4900 15.6700 14.2100 12.8800 11.6100 8.6600 7.9300 7.2400 6.6100 6.0900 5.9100 5.3500 5.3600 5.2600 
45.3200 32.0700 28.5500 22.4600 15.6100 14.1700 12.9500 11.5700 8.8200 7.9300 7.3200 6.6200 6.1500 5.8800 5.3300 5.2400 5.2600 
45.3100 32.0400 28.7000 22.6200 15.6900 14.2000 12.8800 11.6400 8.7600 7.9100 7.1700 6.6000 6.0800 5.9000 5.3300 5.3400 5.2600 
45.3200 32.0000 28.6800 22.4300 15.6300 14.2100 12.9500 11.5700 8.7600 7.8800 7.2200 6.6500 6.0800 5.9400 5.3900 5.2700 5.2800 
45.3000 32.0100 28.5400 22.3300 15.6700 14.1600 12.9800 11.5200 8.7500 7.8800 7.2000 6.6300 6.1300 5.8900 5.4100 5.3800 5.3200 
