31.9900 31.3500 41.5200 43.3300 53.7500 52.1000 58.6100 60.4200 70.4700 75.6900 78.8700 81.3800 83.3300 80.3400 86.1900 85.7000 86.4800 
33.3500 37.7400 46.3300 52.6400 59.2000 62.0100 64.3400 68.0800 75.0700 79.6400 82.2500 83.6200 85.5100 86.2200 88.9100 89.3600 89.4100 
34.4800 41.2300 42.2600 51.3000 57.8500 60.3700 64.1900 67.2800 77.2500 82.1300 84.6600 87.5600 88.9000 87.7600 91.1100 91.2400 91.9500 
37.7800 45.4000 51.1000 59.2000 69.6400 70.2800 73.9700 76.3200 82.9300 85.6700 88.0600 88.9600 89.3500 87.3500 91.3000 91.3200 92.2600 
36.4300 48.2700 53.5300 60.1500 68.9000 69.0100 74.8600 77.8200 81.1700 84.3100 87.4300 89.1200 89.5300 90.0300 91.6800 91.9800 92.3100 
39.7600 50.6500 57.0900 66.0000 73.8600 74.7800 76.1500 77.4000 85.4500 87.0200 88.7700 90.6300 91.1700 90.5700 92.2300 92.6000 92.7800 
44.2300 53.5800 58.3200 67.4100 73.7400 77.2600 80.7100 81.8000 86.8300 88.3300 89.6300 91.1900 91.6100 92.1600 93.1700 93.3900 93.4700 
35.1900 49.5000 56.7000 59.8100 67.4300 68.6900 73.4100 73.4500 82.5000 84.3100 86.5000 87.8000 88.5300 87.3900 90.7800 91.0100 91.1200 
42.0400 47.7900 54.9300 65.6700 75.2600 76.3500 78.9700 80.5000 86.0500 88.9300 90.1800 91.4400 92.2200 92.1500 93.1100 93.1700 93.4300 
40.4600 52.7600 58.6100 63.0800 67.6100 70.8000 73.3200 75.6800 82.7100 84.6100 87.2400 88.6500 88.7100 88.4700 90.5400 91.0300 91.5800 
45.0000 52.5900 61.0000 68.9300 76.1100 78.9000 77.9100 78.4500 84.2700 86.5800 88.8100 90.4900 91.4400 91.4200 92.6300 92.4600 92.8000 
38.5900 58.3200 56.7000 66.2200 77.0100 79.5000 80.7400 81.0400 83.6100 85.6600 86.9400 87.6000 88.1800 87.3200 89.8100 89.8800 90.7700 
52.5200 65.7600 68.9700 75.4000 82.6700 84.5700 86.4100 87.8700 91.1500 92.1900 93.1500 93.4400 93.9000 94.1900 94.7000 94.8300 94.8900 
52.3900 66.0100 69.8900 76.2300 83.3400 84.9300 86.8000 88.1100 91.6100 92.3500 93.0900 93.5500 93.9900 94.2200 94.8400 94.9600 94.9100 
52.4200 66.0300 69.5700 76.2900 83.1100 84.8100 86.7500 87.9600 91.5100 92.5000 93.0600 93.5500 94.0400 94.3400 94.7500 94.9500 94.9600 
52.8400 66.3800 70.0800 76.2600 83.4000 85.4500 87.1500 88.2700 91.4800 92.4500 92.9500 93.6300 93.9700 94.3100 94.8500 95.0400 94.9400 
52.9600 66.8900 69.8900 76.2200 83.8600 85.4000 86.9600 88.3800 91.5500 92.5200 93.1800 93.6500 93.9300 94.4200 94.9100 95.0100 94.9500 
52.9800 66.6600 70.2500 76.3100 83.2800 84.9600 86.5800 88.0400 91.6600 92.3700 92.9300 93.6700 94.0000 94.4400 94.6700 94.9900 94.9500 
53.3400 66.8300 70.5000 76.6600 83.3700 85.3000 86.6700 88.0200 91.4100 92.5300 93.0400 93.5100 93.8800 94.3600 94.6700 94.8100 94.8400 
53.3800 65.7800 70.5400 77.0400 83.5400 85.4000 86.8100 88.0500 91.4100 92.2900 92.8900 93.5000 93.8100 94.2400 94.5700 94.7100 94.7200 
53.0300 66.5000 70.3200 76.7500 83.8900 85.3900 86.9000 88.2700 91.5200 92.2400 92.8300 93.4900 93.8000 94.3100 94.6200 94.6800 94.7100 
53.2200 66.4900 69.8100 76.7300 83.3600 85.3600 86.7800 87.9700 91.3100 92.1900 92.7600 93.5100 93.9800 94.3000 94.5500 94.7300 94.8200 
53.6000 65.6900 70.3400 76.7300 83.6100 85.3900 86.8700 88.3200 91.3100 92.2700 92.8300 93.3900 93.9200 94.2700 94.7800 94.9300 94.8700 
53.3800 67.2000 71.2800 77.3000 83.6400 85.3500 86.5500 88.0600 91.2900 92.3200 92.8400 93.4400 93.9700 94.2300 94.6400 94.8300 94.8400 
53.5500 67.4200 70.8800 76.9800 83.7900 85.2800 86.5700 88.1800 91.0100 92.0900 92.7100 93.2400 93.7800 93.9400 94.5400 94.5500 94.6600 
54.6100 68.0000 71.4000 77.4700 84.2600 85.7000 87.1900 88.4500 91.1900 92.0500 92.7500 93.4400 93.8400 94.0400 94.6300 94.7100 94.6900 
54.6600 68.0100 71.3500 77.5300 84.2700 85.8300 87.0900 88.3200 91.2700 92.1600 92.8600 93.4300 93.8900 94.1200 94.6700 94.7300 94.7800 
54.4600 68.0900 71.3900 77.5100 84.3500 85.7400 87.0400 88.3500 91.2000 92.0900 92.8600 93.3600 93.8400 94.1500 94.7100 94.7700 94.8200 
54.4100 67.8400 71.2600 77.4500 84.2900 85.6600 87.1300 88.3600 91.2600 92.2000 92.7900 93.4100 93.8800 94.0700 94.6400 94.6500 94.8300 
54.5200 67.9800 71.5100 77.5400 84.2900 85.7100 87.0600 88.4300 91.2600 92.1500 92.7700 93.3600 93.8400 94.0600 94.7000 94.6900 94.7800 
54.5400 67.9500 71.3100 77.6300 84.3800 85.7800 87.0100 88.3100 91.3000 92.1300 92.7500 93.4300 93.9300 94.1100 94.7300 94.7900 94.8100 
54.4900 67.8200 71.3200 77.4800 84.3100 85.7400 87.1100 88.4300 91.2400 92.1700 92.7200 93.4300 93.8300 94.1200 94.6300 94.6400 94.6900 
54.4900 68.0200 71.3700 77.3000 84.3300 85.7300 87.0800 88.4700 91.3200 92.1000 92.8000 93.4300 93.8900 94.1700 94.6900 94.7200 94.7300 
54.4900 67.9500 71.3000 77.5100 84.3300 85.7900 87.1200 88.3900 91.3400 92.0700 92.7600 93.3900 93.9100 94.0900 94.6500 94.6400 94.7400 
54.6800 67.9300 71.4500 77.5400 84.3900 85.8300 87.0500 88.4300 91.1800 92.0700 92.6800 93.3800 93.8500 94.1200 94.6700 94.7600 94.7400 
54.6900 67.9600 71.3000 77.3800 84.3100 85.8000 87.1200 88.3600 91.2400 92.0900 92.8300 93.4000 93.9200 94.1000 94.6700 94.6600 94.7400 
54.6800 68.0000 71.3200 77.5700 84.3700 85.7900 87.0500 88.4300 91.2400 92.1200 92.7800 93.3500 93.9200 94.0600 94.6100 94.7300 94.7200 
54.7000 67.9900 71.4600 77.6700 84.3300 85.8400 87.0200 88.4800 91.2500 92.1200 92.8000 93.3700 93.8700 94.1100 94.5900 94.6200 94.6800 
