60.1900 57.4500 51.9900 39.0200 29.7700 24.0700 19.8200 12.4300 8.0600 8.0100 7.2800 8.2500 
47.4200 45.1100 43.7900 32.7400 24.4100 19.1300 15.4300 8.7000 6.3100 5.9500 5.6900 5.8300 
45.7000 42.4900 40.6600 31.3900 23.3200 17.5200 13.6700 7.4200 5.8100 5.3800 5.2900 5.6000 
45.4000 41.0000 39.3000 29.7700 21.6100 16.5100 12.3500 6.9200 5.4800 5.1400 4.8700 5.3500 
43.9600 39.1700 37.6900 28.8700 20.0500 14.7700 11.4500 6.0100 5.2100 5.0700 4.9500 4.9600 
43.6000 38.8200 35.9800 27.7100 19.1600 13.7600 10.7000 5.9500 5.1400 4.8600 4.4800 4.7200 
41.2400 35.8200 34.2300 26.2100 18.4000 13.3600 10.1000 5.7900 5.1200 4.7300 4.6700 4.7700 
41.2600 35.6600 33.5600 25.7700 17.3300 12.8100 9.8700 5.8600 5.1500 4.9500 4.6600 4.8600 
42.2600 37.0500 34.0700 26.5800 17.2600 12.3200 9.3600 5.8000 5.1500 4.9600 4.9100 4.8900 
40.6900 34.6400 32.2100 24.9800 16.4000 11.9300 8.9600 5.8100 5.1100 4.9200 4.7900 5.0600 
39.9800 34.4600 31.5500 25.1100 17.0200 12.1200 9.2000 5.8300 5.1000 4.7600 4.8000 4.7200 
40.4600 35.7000 32.5600 26.0800 16.3200 11.4300 8.8400 5.7800 5.2100 5.3500 5.2600 5.2200 
39.6800 32.5400 29.0200 23.1000 15.6000 11.1900 8.7200 5.7700 5.2400 4.9400 4.8600 5.0700 
38.7500 32.3500 29.4200 23.3500 15.1300 11.3300 8.8500 5.9000 5.5400 5.2200 4.9400 4.9400 
38.4000 31.1200 27.8500 22.1100 14.9400 10.8500 8.8300 5.9100 5.3100 5.0100 4.8500 5.0600 
37.9900 30.3700 27.6400 21.9000 14.5100 10.5700 8.5000 5.8300 5.3800 5.1600 5.2100 5.2100 
