0.3981 0.4255 0.4801 0.6098 0.7023 0.7593 0.8018 0.8757 0.9194 0.9199 0.9272 0.9175 
0.5258 0.5489 0.5621 0.6726 0.7559 0.8087 0.8457 0.9130 0.9369 0.9405 0.9431 0.9417 
0.5430 0.5751 0.5934 0.6861 0.7668 0.8248 0.8633 0.9258 0.9419 0.9462 0.9471 0.9440 
0.5460 0.5900 0.6070 0.7023 0.7839 0.8349 0.8765 0.9308 0.9452 0.9486 0.9513 0.9465 
0.5604 0.6083 0.6231 0.7113 0.7995 0.8523 0.8855 0.9399 0.9479 0.9493 0.9505 0.9504 
0.5640 0.6118 0.6402 0.7229 0.8084 0.8624 0.8930 0.9405 0.9486 0.9514 0.9552 0.9528 
0.5876 0.6418 0.6577 0.7379 0.8160 0.8664 0.8990 0.9421 0.9488 0.9527 0.9533 0.9523 
0.5874 0.6434 0.6644 0.7423 0.8267 0.8719 0.9013 0.9414 0.9485 0.9505 0.9534 0.9514 
0.5774 0.6295 0.6593 0.7342 0.8274 0.8768 0.9064 0.9420 0.9485 0.9504 0.9509 0.9511 
0.5931 0.6536 0.6779 0.7502 0.8360 0.8807 0.9104 0.9419 0.9489 0.9508 0.9521 0.9494 
0.6002 0.6554 0.6845 0.7489 0.8298 0.8788 0.9080 0.9417 0.9490 0.9524 0.9520 0.9528 
0.5954 0.6430 0.6744 0.7392 0.8368 0.8857 0.9116 0.9422 0.9479 0.9465 0.9474 0.9478 
0.6032 0.6746 0.7098 0.7690 0.8440 0.8881 0.9128 0.9423 0.9476 0.9506 0.9514 0.9493 
0.6125 0.6765 0.7058 0.7665 0.8487 0.8867 0.9115 0.9410 0.9446 0.9478 0.9506 0.9506 
0.6160 0.6888 0.7215 0.7789 0.8506 0.8915 0.9117 0.9409 0.9469 0.9499 0.9515 0.9494 
0.6201 0.6963 0.7236 0.7810 0.8549 0.8943 0.9150 0.9417 0.9462 0.9484 0.9479 0.9479 
