74.4600 69.2600 66.7300 60.0500 59.4800 51.9200 46.9700 42.2900 38.8200 37.1900 34.0500 23.7600 15.1200 14.1100 
72.8400 68.1200 61.8000 57.4400 55.9500 48.4200 43.5800 39.3000 35.1600 33.3000 29.9800 19.9300 12.1100 12.3600 
73.1400 68.6000 63.6900 56.8600 54.8200 46.8600 41.7800 36.3600 32.5900 30.5600 26.8400 17.9300 11.0800 11.0100 
72.9400 69.5600 63.6500 58.2100 55.0200 46.9700 40.6500 34.9700 30.6300 27.4900 23.8900 16.1600 10.3500 10.0600 
71.7400 67.8100 62.7900 56.1700 52.8100 45.0900 38.9700 33.0300 28.3700 25.9200 22.5600 15.1200 9.8200 9.4000 
72.3600 68.3300 62.8900 56.4100 53.2500 45.3200 39.2000 33.0100 28.6800 26.2000 22.4200 15.2500 9.9800 9.6300 
72.2400 68.1400 63.1200 55.7300 52.2000 44.3700 36.8700 30.6700 26.3800 23.5800 20.3100 13.9400 9.2500 9.6100 
72.4400 67.3100 61.4300 54.4800 51.2500 42.6600 36.0800 29.9200 25.7700 23.0500 20.0000 13.4200 9.3200 9.2200 
72.0400 67.8100 61.9000 55.3200 51.6400 42.5700 35.5300 29.2800 24.5800 21.8600 18.8100 12.7600 9.1100 9.0300 
72.2900 68.8300 62.6600 56.0000 50.9300 42.1200 34.8500 28.4700 24.0400 21.2600 18.0300 12.3300 8.8700 9.1400 
72.2300 67.6200 61.4900 54.0300 49.9900 41.1600 34.1700 27.6400 23.6900 20.6600 17.9500 11.9500 8.6700 8.7800 
71.4200 67.0000 60.8400 54.1900 49.8200 40.2500 32.5400 26.2900 22.2100 19.2400 16.4600 11.5500 8.4400 8.7800 
70.9300 66.8200 60.9200 53.5300 48.8900 39.9100 32.7600 26.3500 22.5000 19.7500 16.8900 12.1600 8.6900 8.8000 
70.5400 65.4400 59.4500 52.9000 48.3700 39.7900 32.9300 26.5400 22.2600 19.2100 16.5600 11.6800 8.9400 8.8000 
71.2100 66.3500 59.5400 53.1600 48.4000 38.7200 31.7300 24.9100 20.6600 17.9300 15.3100 10.8400 8.1300 8.3900 
71.0700 66.1400 59.6900 52.9300 48.0500 38.5600 31.0300 24.8500 20.6100 17.9100 15.3600 10.9600 8.4400 8.7900 
70.6700 66.1300 59.5700 52.4500 48.0100 38.0000 30.3400 23.7000 19.8600 17.1500 14.4700 10.3800 8.0400 8.3900 
70.9400 66.0400 59.5400 52.5500 47.8800 37.5700 30.4000 23.8200 19.4200 16.8300 14.2300 10.3100 8.1600 8.3600 
71.4800 68.0500 59.8800 52.6000 47.0400 37.8500 30.0800 23.5300 19.4600 16.9300 14.4600 10.4000 8.2800 8.4800 
71.3200 67.2900 59.4000 52.3600 46.8500 37.3400 29.8700 23.4100 19.4500 16.7500 14.4200 10.3000 8.1800 8.4000 
70.2700 65.8400 58.8700 51.1700 46.5900 36.8100 29.6600 23.1400 18.8700 16.4100 14.0300 10.3000 8.4900 8.1000 
70.2000 66.1500 58.5200 51.4200 46.7400 36.8800 30.5400 24.2800 20.9700 17.9200 15.0800 11.4600 8.9600 8.7500 
70.6600 65.7700 58.5700 51.2300 46.0200 36.1300 28.4700 22.1500 18.0800 15.4600 13.1800 9.7400 7.8200 8.2800 
71.2200 67.3100 57.9900 51.4800 45.9600 36.6100 29.4400 22.5000 18.1900 15.3400 13.1100 9.6900 8.1300 8.2200 
70.3900 65.6300 58.3200 50.9800 45.6900 36.2000 28.8900 21.7900 17.7300 15.2800 12.9000 9.5600 8.1500 8.2700 
69.9900 64.9400 57.6600 50.1900 44.7300 35.6200 27.9700 21.4600 17.0300 14.5900 12.4200 9.5700 8.0300 8.4900 
70.0100 64.9700 57.5500 49.8800 44.6900 34.7000 27.3200 20.8800 16.9000 14.2700 12.1000 9.4700 8.0800 8.3500 
70.3100 64.8900 57.6100 50.1200 44.3200 34.4100 26.9000 20.6900 16.5500 14.2200 12.4000 9.3900 8.1500 8.6000 
70.6900 65.0600 57.5200 50.7500 44.1900 34.5800 27.1600 21.3600 17.3100 14.4400 12.3300 9.3000 8.1000 8.3800 
70.4000 65.7400 58.4000 50.2500 44.5800 34.3800 26.9300 20.5500 16.7900 14.3100 12.3100 9.6300 8.0500 8.5700 
69.7600 65.3200 57.9500 50.0600 44.3800 34.4800 26.5700 20.1500 16.4400 13.9400 11.9700 9.4400 8.4600 8.4600 
70.7600 64.7400 57.3200 50.0000 43.7900 33.8000 26.3700 19.7300 16.2200 13.5800 11.4200 9.1900 8.1100 8.4200 
70.4200 64.8500 57.9800 50.4100 44.1700 33.9900 26.3100 19.7800 15.7800 13.1000 11.5200 9.1100 7.9500 8.4100 
70.8100 65.6800 57.3300 49.0500 43.5800 33.9800 26.3600 20.0200 16.0400 13.5700 11.6600 9.3700 8.3900 8.5300 
69.7400 64.3500 57.0900 49.0600 43.5500 33.1500 25.8700 19.0600 15.2300 12.9400 11.3700 8.9000 8.1400 8.3300 
71.1000 65.9800 57.4600 49.4300 43.9800 34.0500 26.3400 19.5400 16.2000 13.5500 11.3900 9.4600 8.5800 8.6400 
69.9500 64.5900 56.8800 49.2200 43.1400 32.7800 25.4600 18.9900 15.1800 12.9200 11.1900 9.1000 8.3700 8.5900 
69.5600 64.9200 56.2000 48.3000 42.9200 33.1000 25.4800 19.5700 15.9800 13.8200 11.8000 9.8400 8.7400 9.0200 
70.0400 64.5500 56.4200 49.4500 42.8500 33.5400 25.7500 19.1400 15.4100 13.1300 11.5000 9.4000 8.4800 8.6800 
69.4200 63.9900 56.7600 49.0900 43.0300 32.9700 25.1800 18.6100 15.0300 12.7700 11.0500 9.1500 8.3300 8.7100 
69.1800 64.1000 55.6900 48.7900 42.5900 33.7700 25.9000 19.0500 15.8800 13.6400 12.2200 10.0500 9.3100 9.1900 
69.6300 65.3000 57.0500 49.8800 43.0600 33.9200 25.6000 19.6100 15.7200 13.4200 11.7700 9.5000 8.7200 9.1100 
69.6000 64.5300 56.4500 49.5700 42.4800 32.6400 24.9600 18.3400 14.6700 12.6600 10.9200 8.9400 8.4600 8.6000 
69.0900 63.9100 55.6700 47.7300 42.1100 32.1400 25.1600 18.6200 14.9700 12.6700 10.8700 9.3500 8.7700 8.8700 
69.1100 63.4400 55.6400 47.6800 41.9100 32.2100 24.9000 17.9500 14.9300 12.5900 11.1300 9.3600 9.0600 8.8400 
69.5500 65.0900 56.0600 48.2900 41.7400 32.8300 25.3800 18.3400 14.8000 12.8300 11.3100 9.8400 9.3000 9.4400 
68.8600 62.9000 55.5500 48.2300 41.5200 31.2600 24.7300 18.1000 14.5300 12.3600 10.9000 9.2700 8.7900 8.8600 
70.0200 64.1700 55.9200 47.7300 41.6100 31.5300 23.9700 18.0300 14.7700 12.9200 11.4900 9.8900 9.1500 9.1700 
69.3700 64.3100 55.8600 48.0900 41.7000 31.2400 23.9900 17.6700 14.3500 12.0600 10.9400 9.2200 8.8600 9.0100 
68.9600 63.7200 55.7200 47.6300 41.3600 31.2000 24.3400 17.7500 14.5300 12.8200 11.2800 9.7900 9.0900 9.0500 
69.9000 63.9600 55.6900 47.6800 41.5900 30.8500 23.7600 17.4900 14.4400 12.5100 11.4400 9.8900 9.2400 9.0400 
69.1900 62.7900 55.3500 47.1000 41.5300 32.5300 24.9700 17.7600 14.2800 12.5900 11.1800 9.7500 9.2200 9.5300 
69.0500 63.4500 54.6700 47.2900 41.2300 30.7200 23.6400 17.7900 14.8000 12.8900 11.4000 9.9800 9.4600 9.5300 
70.3100 64.8900 55.3300 47.3400 41.0800 30.8200 23.3400 17.4700 14.5900 12.1700 11.0100 9.8800 9.2800 9.4600 
69.3900 63.0600 54.7100 47.0400 41.2700 30.9300 24.2300 17.8200 14.4900 12.5600 11.0300 9.8700 9.5500 9.5700 
69.9200 64.3200 55.2300 47.8600 41.1000 30.6400 23.5500 17.0000 13.9200 12.1100 10.6600 9.7100 9.1200 9.0700 
70.0200 65.0200 55.2200 47.7400 40.7200 29.9200 22.9600 17.0400 14.3000 12.4500 10.8100 9.7700 9.0600 9.2900 
69.1700 62.5600 54.7200 46.9500 40.5500 31.0100 24.4400 18.2000 14.7200 12.5000 11.2100 10.1900 9.4600 9.6000 
69.3300 64.4700 56.1000 47.8600 40.7000 30.2100 23.5100 17.0500 13.9000 11.8900 10.8000 9.4900 8.9600 9.1300 
69.3300 64.0100 55.4100 47.3100 40.7300 30.3100 23.2900 17.5700 14.7600 12.5500 11.3800 10.1900 9.8600 10.1100 
68.9400 62.7500 54.4300 46.0000 40.2100 29.2600 22.0600 16.2600 13.2800 11.4300 10.4900 9.2200 8.9100 9.1700 
68.7500 62.7100 54.3300 46.2400 40.0300 29.1900 22.1300 16.0700 13.1200 11.3800 10.4400 9.3100 8.9600 9.1400 
68.7800 62.4200 54.3600 46.0400 40.1200 29.4200 21.9800 16.1800 13.4000 11.4200 10.6300 9.5400 9.0000 9.2200 
68.8700 62.4100 54.2900 46.1600 40.1000 29.2400 22.0700 16.0300 13.1800 11.4200 10.4800 9.2200 8.8500 9.1800 
68.8400 62.6100 54.3400 46.0200 40.0600 29.3000 22.1400 15.9200 12.9800 11.2900 10.5000 9.3600 8.9600 9.1100 
68.9500 62.3100 54.4300 46.0400 39.9800 29.2500 22.0700 16.0900 13.1000 11.3800 10.5400 9.3800 8.9100 9.2300 
68.9000 62.6700 54.1800 45.8200 40.0300 29.0700 21.8600 15.8200 13.0600 11.2800 10.4800 9.3500 8.9200 9.1500 
68.9300 62.6600 54.3300 46.0200 40.1600 29.2200 21.9800 16.0700 13.1300 11.5000 10.4500 9.5100 9.0000 9.2700 
68.8300 62.4000 54.2100 45.7700 40.0400 29.2700 21.8100 15.8800 13.0800 11.3700 10.4400 9.5300 9.0700 9.2200 
68.8700 62.4500 54.2300 45.6700 40.0700 29.1700 21.9400 16.0000 13.0700 11.4000 10.4300 9.4900 9.1500 9.1900 
68.8900 62.5600 54.2700 45.9500 40.1900 29.0000 21.9700 15.9100 13.1000 11.3000 10.2500 9.5300 9.0600 9.2000 
68.9400 62.6100 54.2900 45.9100 40.1200 29.1200 21.9600 16.0700 13.1200 11.3400 10.3600 9.4800 9.1600 9.2200 
68.8900 62.7000 54.1400 45.7200 39.9700 29.2200 21.9400 15.8600 13.1900 11.4200 10.4200 9.5300 9.0300 9.1400 
