25.5400 30.7400 33.2700 39.9500 40.5200 48.0800 53.0300 57.7100 61.1800 62.8100 65.9500 76.2400 84.8800 85.8900 
27.1600 31.8800 38.2000 42.5600 44.0500 51.5800 56.4200 60.7000 64.8400 66.7000 70.0200 80.0700 87.8900 87.6400 
26.8600 31.4000 36.3100 43.1400 45.1800 53.1400 58.2200 63.6400 67.4100 69.4400 73.1600 82.0700 88.9200 88.9900 
27.0600 30.4400 36.3500 41.7900 44.9800 53.0300 59.3500 65.0300 69.3700 72.5100 76.1100 83.8400 89.6500 89.9400 
28.2600 32.1900 37.2100 43.8300 47.1900 54.9100 61.0300 66.9700 71.6300 74.0800 77.4400 84.8800 90.1800 90.6000 
27.6400 31.6700 37.1100 43.5900 46.7500 54.6800 60.8000 66.9900 71.3200 73.8000 77.5800 84.7500 90.0200 90.3700 
27.7600 31.8600 36.8800 44.2700 47.8000 55.6300 63.1300 69.3300 73.6200 76.4200 79.6900 86.0600 90.7500 90.3900 
27.5600 32.6900 38.5700 45.5200 48.7500 57.3400 63.9200 70.0800 74.2300 76.9500 80.0000 86.5800 90.6800 90.7800 
27.9600 32.1900 38.1000 44.6800 48.3600 57.4300 64.4700 70.7200 75.4200 78.1400 81.1900 87.2400 90.8900 90.9700 
27.7100 31.1700 37.3400 44.0000 49.0700 57.8800 65.1500 71.5300 75.9600 78.7400 81.9700 87.6700 91.1300 90.8600 
27.7700 32.3800 38.5100 45.9700 50.0100 58.8400 65.8300 72.3600 76.3100 79.3400 82.0500 88.0500 91.3300 91.2200 
28.5800 33.0000 39.1600 45.8100 50.1800 59.7500 67.4600 73.7100 77.7900 80.7600 83.5400 88.4500 91.5600 91.2200 
29.0700 33.1800 39.0800 46.4700 51.1100 60.0900 67.2400 73.6500 77.5000 80.2500 83.1100 87.8400 91.3100 91.2000 
29.4600 34.5600 40.5500 47.1000 51.6300 60.2100 67.0700 73.4600 77.7400 80.7900 83.4400 88.3200 91.0600 91.2000 
28.7900 33.6500 40.4600 46.8400 51.6000 61.2800 68.2700 75.0900 79.3400 82.0700 84.6900 89.1600 91.8700 91.6100 
28.9300 33.8600 40.3100 47.0700 51.9500 61.4400 68.9700 75.1500 79.3900 82.0900 84.6400 89.0400 91.5600 91.2100 
29.3300 33.8700 40.4300 47.5500 51.9900 62.0000 69.6600 76.3000 80.1400 82.8500 85.5300 89.6200 91.9600 91.6100 
29.0600 33.9600 40.4600 47.4500 52.1200 62.4300 69.6000 76.1800 80.5800 83.1700 85.7700 89.6900 91.8400 91.6400 
28.5200 31.9500 40.1200 47.4000 52.9600 62.1500 69.9200 76.4700 80.5400 83.0700 85.5400 89.6000 91.7200 91.5200 
28.6800 32.7100 40.6000 47.6400 53.1500 62.6600 70.1300 76.5900 80.5500 83.2500 85.5800 89.7000 91.8200 91.6000 
29.7300 34.1600 41.1300 48.8300 53.4100 63.1900 70.3400 76.8600 81.1300 83.5900 85.9700 89.7000 91.5100 91.9000 
29.8000 33.8500 41.4800 48.5800 53.2600 63.1200 69.4600 75.7200 79.0300 82.0800 84.9200 88.5400 91.0400 91.2500 
29.3400 34.2300 41.4300 48.7700 53.9800 63.8700 71.5300 77.8500 81.9200 84.5400 86.8200 90.2600 92.1800 91.7200 
28.7800 32.6900 42.0100 48.5200 54.0400 63.3900 70.5600 77.5000 81.8100 84.6600 86.8900 90.3100 91.8700 91.7800 
29.6100 34.3700 41.6800 49.0200 54.3100 63.8000 71.1100 78.2100 82.2700 84.7200 87.1000 90.4400 91.8500 91.7300 
30.0100 35.0600 42.3400 49.8100 55.2700 64.3800 72.0300 78.5400 82.9700 85.4100 87.5800 90.4300 91.9700 91.5100 
29.9900 35.0300 42.4500 50.1200 55.3100 65.3000 72.6800 79.1200 83.1000 85.7300 87.9000 90.5300 91.9200 91.6500 
29.6900 35.1100 42.3900 49.8800 55.6800 65.5900 73.1000 79.3100 83.4500 85.7800 87.6000 90.6100 91.8500 91.4000 
29.3100 34.9400 42.4800 49.2500 55.8100 65.4200 72.8400 78.6400 82.6900 85.5600 87.6700 90.7000 91.9000 91.6200 
29.6000 34.2600 41.6000 49.7500 55.4200 65.6200 73.0700 79.4500 83.2100 85.6900 87.6900 90.3700 91.9500 91.4300 
30.2400 34.6800 42.0500 49.9400 55.6200 65.5200 73.4300 79.8500 83.5600 86.0600 88.0300 90.5600 91.5400 91.5400 
29.2400 35.2600 42.6800 50.0000 56.2100 66.2000 73.6300 80.2700 83.7800 86.4200 88.5800 90.8100 91.8900 91.5800 
29.5800 35.1500 42.0200 49.5900 55.8300 66.0100 73.6900 80.2200 84.2200 86.9000 88.4800 90.8900 92.0500 91.5900 
29.1900 34.3200 42.6700 50.9500 56.4200 66.0200 73.6400 79.9800 83.9600 86.4300 88.3400 90.6300 91.6100 91.4700 
30.2600 35.6500 42.9100 50.9400 56.4500 66.8500 74.1300 80.9400 84.7700 87.0600 88.6300 91.1000 91.8600 91.6700 
28.9000 34.0200 42.5400 50.5700 56.0200 65.9500 73.6600 80.4600 83.8000 86.4500 88.6100 90.5400 91.4200 91.3600 
30.0500 35.4100 43.1200 50.7800 56.8600 67.2200 74.5400 81.0100 84.8200 87.0800 88.8100 90.9000 91.6300 91.4100 
30.4400 35.0800 43.8000 51.7000 57.0800 66.9000 74.5200 80.4300 84.0200 86.1800 88.2000 90.1600 91.2600 90.9800 
29.9600 35.4500 43.5800 50.5500 57.1500 66.4600 74.2500 80.8600 84.5900 86.8700 88.5000 90.6000 91.5200 91.3200 
30.5800 36.0100 43.2400 50.9100 56.9700 67.0300 74.8200 81.3900 84.9700 87.2300 88.9500 90.8500 91.6700 91.2900 
30.8200 35.9000 44.3100 51.2100 57.4100 66.2300 74.1000 80.9500 84.1200 86.3600 87.7800 89.9500 90.6900 90.8100 
30.3700 34.7000 42.9500 50.1200 56.9400 66.0800 74.4000 80.3900 84.2800 86.5800 88.2300 90.5000 91.2800 90.8900 
30.4000 35.4700 43.5500 50.4300 57.5200 67.3600 75.0400 81.6600 85.3300 87.3400 89.0800 91.0600 91.5400 91.4000 
30.9100 36.0900 44.3300 52.2700 57.8900 67.8600 74.8400 81.3800 85.0300 87.3300 89.1300 90.6500 91.2300 91.1300 
30.8900 36.5600 44.3600 52.3200 58.0900 67.7900 75.1000 82.0500 85.0700 87.4100 88.8700 90.6400 90.9400 91.1600 
30.4500 34.9100 43.9400 51.7100 58.2600 67.1700 74.6200 81.6600 85.2000 87.1700 88.6900 90.1600 90.7000 90.5600 
31.1400 37.1000 44.4500 51.7700 58.4800 68.7400 75.2700 81.9000 85.4700 87.6400 89.1000 90.7300 91.2100 91.1400 
29.9800 35.8300 44.0800 52.2700 58.3900 68.4700 76.0300 81.9700 85.2300 87.0800 88.5100 90.1100 90.8500 90.8300 
30.6300 35.6900 44.1400 51.9100 58.3000 68.7600 76.0100 82.3300 85.6500 87.9400 89.0600 90.7800 91.1400 90.9900 
31.0400 36.2800 44.2800 52.3700 58.6400 68.8000 75.6600 82.2500 85.4700 87.1800 88.7200 90.2100 90.9100 90.9500 
30.1000 36.0400 44.3100 52.3200 58.4100 69.1500 76.2400 82.5100 85.5600 87.4900 88.5600 90.1100 90.7600 90.9600 
30.8100 37.2100 44.6500 52.9000 58.4700 67.4700 75.0300 82.2400 85.7200 87.4100 88.8200 90.2500 90.7800 90.4700 
30.9500 36.5500 45.3300 52.7100 58.7700 69.2800 76.3600 82.2100 85.2000 87.1100 88.6000 90.0200 90.5400 90.4700 
29.6900 35.1100 44.6700 52.6600 58.9200 69.1800 76.6600 82.5300 85.4100 87.8300 88.9900 90.1200 90.7200 90.5400 
30.6100 36.9400 45.2900 52.9600 58.7300 69.0700 75.7700 82.1800 85.5100 87.4400 88.9700 90.1300 90.4500 90.4300 
30.0800 35.6800 44.7700 52.1400 58.9000 69.3600 76.4500 83.0000 86.0800 87.8900 89.3400 90.2900 90.8800 90.9300 
29.9800 34.9800 44.7800 52.2600 59.2800 70.0800 77.0400 82.9600 85.7000 87.5500 89.1900 90.2300 90.9400 90.7100 
30.8300 37.4400 45.2800 53.0500 59.4500 68.9900 75.5600 81.8000 85.2800 87.5000 88.7900 89.8100 90.5400 90.4000 
30.6700 35.5300 43.9000 52.1400 59.3000 69.7900 76.4900 82.9500 86.1000 88.1100 89.2000 90.5100 91.0400 90.8700 
30.6700 35.9900 44.5900 52.6900 59.2700 69.6900 76.7100 82.4300 85.2400 87.4500 88.6200 89.8100 90.1400 89.8900 
31.0600 37.2500 45.5700 54.0000 59.7900 70.7400 77.9400 83.7400 86.7200 88.5700 89.5100 90.7800 91.0900 90.8300 
31.2500 37.2900 45.6700 53.7600 59.9700 70.8100 77.8700 83.9300 86.8800 88.6200 89.5600 90.6900 91.0400 90.8600 
31.2200 37.5800 45.6400 53.9600 59.8800 70.5800 78.0200 83.8200 86.6000 88.5800 89.3700 90.4600 91.0000 90.7800 
31.1300 37.5900 45.7100 53.8400 59.9000 70.7600 77.9300 83.9700 86.8200 88.5800 89.5200 90.7800 91.1500 90.8200 
31.1600 37.3900 45.6600 53.9800 59.9400 70.7000 77.8600 84.0800 87.0200 88.7100 89.5000 90.6400 91.0400 90.8900 
31.0500 37.6900 45.5700 53.9600 60.0200 70.7500 77.9300 83.9100 86.9000 88.6200 89.4600 90.6200 91.0900 90.7700 
31.1000 37.3300 45.8200 54.1800 59.9700 70.9300 78.1400 84.1800 86.9400 88.7200 89.5200 90.6500 91.0800 90.8500 
31.0700 37.3400 45.6700 53.9800 59.8400 70.7800 78.0200 83.9300 86.8700 88.5000 89.5500 90.4900 91.0000 90.7300 
31.1700 37.6000 45.7900 54.2300 59.9600 70.7300 78.1900 84.1200 86.9200 88.6300 89.5600 90.4700 90.9300 90.7800 
31.1300 37.5500 45.7700 54.3300 59.9300 70.8300 78.0600 84.0000 86.9300 88.6000 89.5700 90.5100 90.8500 90.8100 
31.1100 37.4400 45.7300 54.0500 59.8100 71.0000 78.0300 84.0900 86.9000 88.7000 89.7500 90.4700 90.9400 90.8000 
31.0600 37.3900 45.7100 54.0900 59.8800 70.8800 78.0400 83.9300 86.8800 88.6600 89.6400 90.5200 90.8400 90.7800 
31.1100 37.3000 45.8600 54.2800 60.0300 70.7800 78.0600 84.1400 86.8100 88.5800 89.5800 90.4700 90.9700 90.8600 
